,DT_MEDICAO,HR_MEDICAO,TEM_INS,UMD_INS,VEN_VEL
0,2020-10-01,0000,26.2,77,0.2
1,2020-10-01,0100,25.7,80,0.1
2,2020-10-01,0200,25.3,84,0.2
3,2020-10-01,0300,24.7,87,0.2
4,2020-10-01,0400,24.5,88,0.4
5,2020-10-01,0500,24.1,90,0.2
6,2020-10-01,0600,23.5,91,0
7,2020-10-01,0700,23.3,92,0
8,2020-10-01,0800,23.1,92,0
9,2020-10-01,0900,22.8,92,0
10,2020-10-01,1000,24.2,92,0.2
11,2020-10-01,1100,27.3,78,0.6
12,2020-10-01,1200,29.1,70,0.4
13,2020-10-01,1300,30.1,67,1
14,2020-10-01,1400,31.4,62,2.3
15,2020-10-01,1500,30.4,66,1.8
16,2020-10-01,1600,32.5,57,1.4
17,2020-10-01,1700,31.2,60,1.5
18,2020-10-01,1800,31.5,61,1.1
19,2020-10-01,1900,29.2,70,1.4
20,2020-10-01,2000,26.7,88,1.7
21,2020-10-01,2100,26.9,84,0.4
22,2020-10-01,2200,27.3,80,0.8
23,2020-10-01,2300,,,
24,2020-10-02,0000,26.7,76,0.3
25,2020-10-02,0100,26.2,79,0.2
26,2020-10-02,0200,25.7,82,0
27,2020-10-02,0300,25.4,85,0.2
28,2020-10-02,0400,25,88,0.2
29,2020-10-02,0500,24.8,89,0
30,2020-10-02,0600,24.7,89,0
31,2020-10-02,0700,24.3,90,0
32,2020-10-02,0800,24,91,0
33,2020-10-02,0900,23.7,92,0
34,2020-10-02,1000,25,91,0
35,2020-10-02,1100,27.6,78,0.8
36,2020-10-02,1200,28.4,72,1.6
37,2020-10-02,1300,28.5,71,1.2
38,2020-10-02,1400,31.4,61,1.6
39,2020-10-02,1500,32.1,58,1.8
40,2020-10-02,1600,32.6,55,2
41,2020-10-02,1700,33.5,57,1.6
42,2020-10-02,1800,32,61,1.2
43,2020-10-02,1900,25.8,91,1.9
44,2020-10-02,2000,25.7,90,1.2
45,2020-10-02,2100,24.6,85,0.3
46,2020-10-02,2200,25.5,86,0.4
47,2020-10-02,2300,26,86,0.9
48,2020-10-03,0000,26.2,84,0.3
49,2020-10-03,0100,26.2,83,0
50,2020-10-03,0200,26.2,83,0.6
51,2020-10-03,0300,25.7,85,0.5
52,2020-10-03,0400,25.3,88,0
53,2020-10-03,0500,24.9,90,0
54,2020-10-03,0600,24.4,91,0
55,2020-10-03,0700,24.6,92,0
56,2020-10-03,0800,24.4,92,0
57,2020-10-03,0900,24.2,92,0
58,2020-10-03,1000,25.2,92,0
59,2020-10-03,1100,27.8,81,1.2
60,2020-10-03,1200,28.7,74,1.4
61,2020-10-03,1300,28.9,73,1
62,2020-10-03,1400,31.2,67,0.7
63,2020-10-03,1500,31.2,65,0.9
64,2020-10-03,1600,31.4,60,0.1
65,2020-10-03,1700,32.1,64,1.7
66,2020-10-03,1800,33,60,1.5
67,2020-10-03,1900,29,82,0.2
68,2020-10-03,2000,29.5,74,1
69,2020-10-03,2100,27.9,81,0.8
70,2020-10-03,2200,25.4,78,4.3
71,2020-10-03,2300,23.4,92,0.3
72,2020-10-04,0000,23.7,90,1.9
73,2020-10-04,0100,23.2,91,0.1
74,2020-10-04,0200,23.7,90,0.1
75,2020-10-04,0300,23.5,92,0
76,2020-10-04,0400,23.4,92,0
77,2020-10-04,0500,23.6,93,0
78,2020-10-04,0600,23.4,93,0
79,2020-10-04,0700,23.8,93,0
80,2020-10-04,0800,23.4,93,0
81,2020-10-04,0900,23.4,93,0
82,2020-10-04,1000,24.3,93,0
83,2020-10-04,1100,27.3,81,0.1
84,2020-10-04,1200,29.3,71,0.8
85,2020-10-04,1300,30.3,65,2
86,2020-10-04,1400,31.3,64,1.9
87,2020-10-04,1500,31.8,58,1.4
88,2020-10-04,1600,32.3,58,2.4
89,2020-10-04,1700,33.2,57,0.8
90,2020-10-04,1800,33.1,55,1.1
91,2020-10-04,1900,30.5,62,1.8
92,2020-10-04,2000,31.3,66,2
93,2020-10-04,2100,24.7,89,0
94,2020-10-04,2200,26.3,90,0.4
95,2020-10-04,2300,26,87,0.6
96,2020-10-05,0000,25.9,83,0.1
97,2020-10-05,0100,25.8,81,0.1
98,2020-10-05,0200,25.2,85,0.1
99,2020-10-05,0300,24.6,87,0.1
100,2020-10-05,0400,24,90,0
101,2020-10-05,0500,23.6,91,0
102,2020-10-05,0600,23.5,92,0
103,2020-10-05,0700,23.8,92,0
104,2020-10-05,0800,23.4,92,0
105,2020-10-05,0900,23.3,93,0
106,2020-10-05,1000,24.1,93,0
107,2020-10-05,1100,27.3,82,0.1
108,2020-10-05,1200,29,76,0.4
109,2020-10-05,1300,29.7,68,0.9
110,2020-10-05,1400,31.1,63,0.5
111,2020-10-05,1500,32,58,1.4
112,2020-10-05,1600,30.9,62,2.7
113,2020-10-05,1700,28.1,86,0.8
114,2020-10-05,1800,26.1,85,0.5
115,2020-10-05,1900,26.5,84,0.5
116,2020-10-05,2000,23.8,94,0
117,2020-10-05,2100,23.9,94,1.8
118,2020-10-05,2200,24,94,0
119,2020-10-05,2300,24.4,94,0
120,2020-10-06,0000,24.5,93,0
121,2020-10-06,0100,24.5,93,0
122,2020-10-06,0200,24.1,93,0
123,2020-10-06,0300,23.9,94,0
124,2020-10-06,0400,23.9,94,0
125,2020-10-06,0500,23.9,94,0
126,2020-10-06,0600,23.6,94,0
127,2020-10-06,0700,23.5,94,0
128,2020-10-06,0800,23.3,94,0
129,2020-10-06,0900,23.4,94,0
130,2020-10-06,1000,24.4,94,0.1
131,2020-10-06,1100,27.2,87,0.7
132,2020-10-06,1200,28.3,77,0.6
133,2020-10-06,1300,30.3,68,1.4
134,2020-10-06,1400,30.6,63,0.8
135,2020-10-06,1500,31.6,59,2.2
136,2020-10-06,1600,30.1,65,0.6
137,2020-10-06,1700,28.2,69,1.2
138,2020-10-06,1800,29.4,68,1.2
139,2020-10-06,1900,28.1,79,0.6
140,2020-10-06,2000,24.5,88,3.9
141,2020-10-06,2100,23.3,93,0
142,2020-10-06,2200,23.9,93,0
143,2020-10-06,2300,24.2,93,0
144,2020-10-07,0000,24,93,0
145,2020-10-07,0100,24.1,93,0
146,2020-10-07,0200,23.8,93,0
147,2020-10-07,0300,23.6,92,0
148,2020-10-07,0400,23.6,93,0
149,2020-10-07,0500,23.2,93,0
150,2020-10-07,0600,22.9,93,0
151,2020-10-07,0700,22.7,94,0
152,2020-10-07,0800,22.8,94,0
153,2020-10-07,0900,22.7,94,0
154,2020-10-07,1000,23.8,94,0.4
155,2020-10-07,1100,26.8,84,0.6
156,2020-10-07,1200,29,73,0.5
157,2020-10-07,1300,30.9,64,1.7
158,2020-10-07,1400,31.6,59,1.7
159,2020-10-07,1500,31.6,56,0.9
160,2020-10-07,1600,32,51,2.6
161,2020-10-07,1700,33.3,53,2
162,2020-10-07,1800,32.1,62,2
163,2020-10-07,1900,32.1,63,1.5
164,2020-10-07,2000,30.8,65,1.4
165,2020-10-07,2100,29.3,70,1
166,2020-10-07,2200,28.1,73,0.9
167,2020-10-07,2300,27.5,73,0.9
168,2020-10-08,0000,26.8,75,0.5
169,2020-10-08,0100,26.3,77,0.1
170,2020-10-08,0200,25.7,79,0.1
171,2020-10-08,0300,25.1,83,0.4
172,2020-10-08,0400,24.6,86,0
173,2020-10-08,0500,24.2,87,0
174,2020-10-08,0600,24.2,88,0
175,2020-10-08,0700,24.1,88,0
176,2020-10-08,0800,24.1,89,0.1
177,2020-10-08,0900,23.9,90,0
178,2020-10-08,1000,25.1,88,0.1
179,2020-10-08,1100,27.5,75,0.7
180,2020-10-08,1200,28.9,73,1
181,2020-10-08,1300,29.8,68,0.7
182,2020-10-08,1400,31.1,56,1.3
183,2020-10-08,1500,32.8,52,1
184,2020-10-08,1600,32.1,56,1
185,2020-10-08,1700,33.4,59,2
186,2020-10-08,1800,32.1,58,1.8
187,2020-10-08,1900,32.2,59,1.8
188,2020-10-08,2000,30.5,65,1
189,2020-10-08,2100,29.3,67,1.2
190,2020-10-08,2200,28.3,69,0.7
191,2020-10-08,2300,27.7,70,1
192,2020-10-09,0000,26.9,74,0.3
193,2020-10-09,0100,26.3,77,0.5
194,2020-10-09,0200,25.6,81,0.1
195,2020-10-09,0300,25.4,83,0.1
196,2020-10-09,0400,24.8,85,0
197,2020-10-09,0500,24.5,87,0.1
198,2020-10-09,0600,23.8,90,0
199,2020-10-09,0700,23.5,92,0
200,2020-10-09,0800,23.2,92,0
201,2020-10-09,0900,23.1,93,0
202,2020-10-09,1000,24.6,91,0.1
203,2020-10-09,1100,27.1,77,0.6
204,2020-10-09,1200,28.6,70,0.6
205,2020-10-09,1300,29.7,66,0.9
206,2020-10-09,1400,31.8,57,1
207,2020-10-09,1500,33.5,48,1.5
208,2020-10-09,1600,32.2,60,0.8
209,2020-10-09,1700,32.9,59,1.7
210,2020-10-09,1800,31.7,62,2
211,2020-10-09,1900,31.5,62,2.2
212,2020-10-09,2000,31.2,61,1.7
213,2020-10-09,2100,29.6,64,1.7
214,2020-10-09,2200,28.8,68,1
215,2020-10-09,2300,28,67,0.2
216,2020-10-10,0000,27.2,70,0.5
217,2020-10-10,0100,26.5,75,0.3
218,2020-10-10,0200,26,78,0.3
219,2020-10-10,0300,25.5,80,0.1
220,2020-10-10,0400,25.1,83,0
221,2020-10-10,0500,24.8,84,0
222,2020-10-10,0600,23.9,89,0
223,2020-10-10,0700,23.5,91,0
224,2020-10-10,0800,23.3,92,0
225,2020-10-10,0900,23.1,92,0
226,2020-10-10,1000,24.7,90,0.1
227,2020-10-10,1100,27.3,73,0.4
228,2020-10-10,1200,29.3,67,0.7
229,2020-10-10,1300,31.1,59,1.3
230,2020-10-10,1400,32.2,52,1.1
231,2020-10-10,1500,32,48,1
232,2020-10-10,1600,33,46,0.8
233,2020-10-10,1700,33.2,57,2.4
234,2020-10-10,1800,31.9,57,2.1
235,2020-10-10,1900,32.5,56,1.7
236,2020-10-10,2000,30.6,60,1.8
237,2020-10-10,2100,29.1,67,1.5
238,2020-10-10,2200,27.1,65,0.1
239,2020-10-10,2300,27.5,72,0.5
240,2020-10-11,0000,26.9,76,0.8
241,2020-10-11,0100,26.7,78,0.6
242,2020-10-11,0200,26.4,79,0.3
243,2020-10-11,0300,26.2,81,0.9
244,2020-10-11,0400,26,82,0.1
245,2020-10-11,0500,25.6,84,0.1
246,2020-10-11,0600,25.2,86,0.1
247,2020-10-11,0700,25.1,86,0.1
248,2020-10-11,0800,24.5,88,0
249,2020-10-11,0900,24.3,89,0
250,2020-10-11,1000,25.7,86,0.1
251,2020-10-11,1100,28.2,73,0.2
252,2020-10-11,1200,29.9,66,0.7
253,2020-10-11,1300,31.6,56,0.6
254,2020-10-11,1400,32.1,54,0.8
255,2020-10-11,1500,32.1,54,0.3
256,2020-10-11,1600,32.9,58,1.4
257,2020-10-11,1700,31,62,1.4
258,2020-10-11,1800,30.7,65,1.6
259,2020-10-11,1900,25.7,87,1.2
260,2020-10-11,2000,26.2,82,0.3
261,2020-10-11,2100,24.4,83,0.2
262,2020-10-11,2200,23.9,85,0.7
263,2020-10-11,2300,24.1,82,0.1
264,2020-10-12,0000,23.9,88,0
265,2020-10-12,0100,24.1,87,0
266,2020-10-12,0200,23.6,90,0
267,2020-10-12,0300,23.8,89,0
268,2020-10-12,0400,23.4,91,0
269,2020-10-12,0500,23.3,92,0
270,2020-10-12,0600,23.5,92,0
271,2020-10-12,0700,23.4,92,0
272,2020-10-12,0800,23.3,93,0
273,2020-10-12,0900,23,93,0
274,2020-10-12,1000,24.7,93,0.3
275,2020-10-12,1100,27.9,76,1.1
276,2020-10-12,1200,28.4,73,0.9
277,2020-10-12,1300,30.8,63,1.9
278,2020-10-12,1400,31.4,62,1.8
279,2020-10-12,1500,31.6,59,1.9
280,2020-10-12,1600,32.5,58,1.3
281,2020-10-12,1700,33.5,49,1.6
282,2020-10-12,1800,33.1,45,1.4
283,2020-10-12,1900,33.4,45,0.3
284,2020-10-12,2000,31.4,62,1.6
285,2020-10-12,2100,28.4,62,2
286,2020-10-12,2200,26.3,71,0.2
287,2020-10-12,2300,27,76,0.4
288,2020-10-13,0000,27,76,0.4
289,2020-10-13,0100,26.6,79,0.2
290,2020-10-13,0200,26.1,82,0
291,2020-10-13,0300,25.9,83,0.1
292,2020-10-13,0400,25.6,84,0.2
293,2020-10-13,0500,25,87,0.1
294,2020-10-13,0600,24.5,89,0.1
295,2020-10-13,0700,24.2,90,0
296,2020-10-13,0800,23.8,91,0.1
297,2020-10-13,0900,23.8,92,0
298,2020-10-13,1000,25.1,89,0.1
299,2020-10-13,1100,27.8,76,0.7
300,2020-10-13,1200,29.5,69,0.9
301,2020-10-13,1300,31.6,60,1.3
302,2020-10-13,1400,31.1,57,0.9
303,2020-10-13,1500,32.5,54,1.2
304,2020-10-13,1600,31.8,60,0.8
305,2020-10-13,1700,29.6,71,1.1
306,2020-10-13,1800,25.7,91,0.6
307,2020-10-13,1900,23.7,88,1.1
308,2020-10-13,2000,25.5,90,1
309,2020-10-13,2100,26.1,90,0.1
310,2020-10-13,2200,26,88,0
311,2020-10-13,2300,25.9,82,0.2
312,2020-10-14,0000,25.7,82,0
313,2020-10-14,0100,25.3,86,0
314,2020-10-14,0200,25,85,0
315,2020-10-14,0300,24.8,86,0
316,2020-10-14,0400,24.6,87,0
317,2020-10-14,0500,23.8,91,0
318,2020-10-14,0600,23.6,92,0
319,2020-10-14,0700,23.2,93,0
320,2020-10-14,0800,23.6,92,0
321,2020-10-14,0900,23.4,91,0
322,2020-10-14,1000,24.8,88,0.1
323,2020-10-14,1100,27.8,76,0.8
324,2020-10-14,1200,29.9,67,1.2
325,2020-10-14,1300,30.1,63,0.7
326,2020-10-14,1400,31.7,61,1.1
327,2020-10-14,1500,32,56,2.5
328,2020-10-14,1600,32.6,58,0.8
329,2020-10-14,1700,32.1,54,1.4
330,2020-10-14,1800,31.6,67,1.8
331,2020-10-14,1900,25.6,88,0.8
332,2020-10-14,2000,26.5,87,0.2
333,2020-10-14,2100,26.5,86,0.6
334,2020-10-14,2200,25.6,89,0
335,2020-10-14,2300,25.4,91,0
336,2020-10-15,0000,26,78,0.2
337,2020-10-15,0100,25.6,81,0
338,2020-10-15,0200,25.2,83,0.2
339,2020-10-15,0300,25,85,0.1
340,2020-10-15,0400,24.2,89,0
341,2020-10-15,0500,23.6,91,0
342,2020-10-15,0600,23.3,92,0
343,2020-10-15,0700,22.9,93,0
344,2020-10-15,0800,23,93,0
345,2020-10-15,0900,22.9,93,0
346,2020-10-15,1000,24.2,93,0
347,2020-10-15,1100,27.7,76,1.2
348,2020-10-15,1200,29.4,68,2.1
349,2020-10-15,1300,30,66,0.8
350,2020-10-15,1400,31.4,62,1
351,2020-10-15,1500,32.6,55,0.8
352,2020-10-15,1600,33,49,0.4
353,2020-10-15,1700,30.3,68,1.8
354,2020-10-15,1800,31.5,66,2.6
355,2020-10-15,1900,26.3,76,1.3
356,2020-10-15,2000,29.5,74,1.4
357,2020-10-15,2100,28.5,75,1.1
358,2020-10-15,2200,27.7,79,0.6
359,2020-10-15,2300,27.4,76,1.1
360,2020-10-16,0000,27,77,0.6
361,2020-10-16,0100,26.3,81,0.1
362,2020-10-16,0200,25.7,84,0
363,2020-10-16,0300,25.2,87,0
364,2020-10-16,0400,25,88,0.1
365,2020-10-16,0500,24.6,89,0.1
366,2020-10-16,0600,24.6,89,0
367,2020-10-16,0700,24.3,90,0.1
368,2020-10-16,0800,24.2,90,0.2
369,2020-10-16,0900,23.7,92,0
370,2020-10-16,1000,25,89,0.1
371,2020-10-16,1100,27.8,77,1.2
372,2020-10-16,1200,30.1,67,1.2
373,2020-10-16,1300,31.3,60,0.8
374,2020-10-16,1400,31.7,55,0.9
375,2020-10-16,1500,32.7,55,0.7
376,2020-10-16,1600,32.4,54,0.6
377,2020-10-16,1700,32.2,60,2.4
378,2020-10-16,1800,30.4,80,1.2
379,2020-10-16,1900,31.6,63,1.9
380,2020-10-16,2000,29.6,68,2
381,2020-10-16,2100,28.5,73,1.7
382,2020-10-16,2200,27.4,79,0.8
383,2020-10-16,2300,24.8,81,3.9
384,2020-10-17,0000,24,93,0.1
385,2020-10-17,0100,24.2,93,0
386,2020-10-17,0200,24,93,0
387,2020-10-17,0300,24,94,0
388,2020-10-17,0400,24.3,94,0
389,2020-10-17,0500,23.9,93,0
390,2020-10-17,0600,23.7,94,0
391,2020-10-17,0700,23.5,94,0
392,2020-10-17,0800,23.9,94,0.2
393,2020-10-17,0900,23.8,93,0
394,2020-10-17,1000,24.7,93,0.1
395,2020-10-17,1100,27.4,79,0.2
396,2020-10-17,1200,30.1,70,0.7
397,2020-10-17,1300,30.9,62,0.8
398,2020-10-17,1400,32,57,1.1
399,2020-10-17,1500,33.1,55,1.3
400,2020-10-17,1600,33.2,52,1
401,2020-10-17,1700,31.9,62,1.2
402,2020-10-17,1800,30,70,1.7
403,2020-10-17,1900,24.3,90,0.7
404,2020-10-17,2000,25.7,91,0
405,2020-10-17,2100,26,91,0
406,2020-10-17,2200,25.2,91,1
407,2020-10-17,2300,24.6,90,0
408,2020-10-18,0000,25,88,0.1
409,2020-10-18,0100,25.3,87,0.2
410,2020-10-18,0200,24.9,88,0
411,2020-10-18,0300,24.8,89,0.1
412,2020-10-18,0400,24.7,90,0
413,2020-10-18,0500,24,92,0
414,2020-10-18,0600,23.6,93,0
415,2020-10-18,0700,23.7,93,0
416,2020-10-18,0800,23.8,93,0
417,2020-10-18,0900,23.5,93,0
418,2020-10-18,1000,24.6,93,0
419,2020-10-18,1100,28,75,0.3
420,2020-10-18,1200,29.5,71,0.7
421,2020-10-18,1300,29.4,68,1
422,2020-10-18,1400,30.8,62,0.8
423,2020-10-18,1500,31.5,59,0.5
424,2020-10-18,1600,31.5,63,0.3
425,2020-10-18,1700,26.5,88,0
426,2020-10-18,1800,31.4,67,0.7
427,2020-10-18,1900,30.3,69,0.7
428,2020-10-18,2000,28.8,76,1
429,2020-10-18,2100,27.4,71,1.1
430,2020-10-18,2200,27,79,0.3
431,2020-10-18,2300,26.9,75,0.3
432,2020-10-19,0000,26.2,78,0.3
433,2020-10-19,0100,25.8,81,0.5
434,2020-10-19,0200,25.1,84,0.3
435,2020-10-19,0300,24.9,86,0.1
436,2020-10-19,0400,24.2,88,0
437,2020-10-19,0500,23.7,91,0
438,2020-10-19,0600,23.9,91,0
439,2020-10-19,0700,24.1,89,0
440,2020-10-19,0800,23.9,90,0
441,2020-10-19,0900,23.2,92,0
442,2020-10-19,1000,25.2,88,0.3
443,2020-10-19,1100,28.6,72,0.5
444,2020-10-19,1200,30.3,67,1.1
445,2020-10-19,1300,30.2,65,0.8
446,2020-10-19,1400,31.9,57,1
447,2020-10-19,1500,32,57,1.1
448,2020-10-19,1600,32.8,55,0.9
449,2020-10-19,1700,30.9,63,0.3
450,2020-10-19,1800,30.8,73,1
451,2020-10-19,1900,27.3,80,1.3
452,2020-10-19,2000,24.6,91,0.9
453,2020-10-19,2100,24.5,91,0.1
454,2020-10-19,2200,23.6,93,0.4
455,2020-10-19,2300,23.9,93,0
456,2020-10-20,0000,24.2,93,0
457,2020-10-20,0100,24.3,94,0
458,2020-10-20,0200,24.2,93,0
459,2020-10-20,0300,24.1,93,0
460,2020-10-20,0400,24.1,93,0
461,2020-10-20,0500,23.7,94,0
462,2020-10-20,0600,23.7,94,0
463,2020-10-20,0700,23.6,94,0
464,2020-10-20,0800,23.5,94,0
465,2020-10-20,0900,23.7,94,0
466,2020-10-20,1000,25,94,0.1
467,2020-10-20,1100,28,84,0.7
468,2020-10-20,1200,29.2,73,1.5
469,2020-10-20,1300,31.2,69,1.4
470,2020-10-20,1400,31.4,67,0.5
471,2020-10-20,1500,31.1,63,0.9
472,2020-10-20,1600,33.8,55,1
473,2020-10-20,1700,30.4,73,1.1
474,2020-10-20,1800,31.3,65,1.5
475,2020-10-20,1900,28.6,78,0.9
476,2020-10-20,2000,26.3,88,1.9
477,2020-10-20,2100,24.9,88,0.2
478,2020-10-20,2200,24.9,90,0
479,2020-10-20,2300,25.1,90,0
480,2020-10-21,0000,25.2,91,0
481,2020-10-21,0100,25,92,0
482,2020-10-21,0200,25.3,89,0.1
483,2020-10-21,0300,25.2,88,0
484,2020-10-21,0400,24.6,90,0
485,2020-10-21,0500,24.5,90,0.1
486,2020-10-21,0600,24,92,0
487,2020-10-21,0700,23.7,93,0
488,2020-10-21,0800,23.5,93,0
489,2020-10-21,0900,23.5,93,0
490,2020-10-21,1000,24.6,93,0.3
491,2020-10-21,1100,27.7,78,0.9
492,2020-10-21,1200,28.6,75,0.8
493,2020-10-21,1300,31.3,65,2.2
494,2020-10-21,1400,32.1,59,1.9
495,2020-10-21,1500,33.4,56,0.7
496,2020-10-21,1600,32.7,60,0.9
497,2020-10-21,1700,32.5,61,1.6
498,2020-10-21,1800,31.8,62,1.5
499,2020-10-21,1900,30.8,65,1.2
500,2020-10-21,2000,26.9,86,0.9
501,2020-10-21,2100,26.4,91,0
502,2020-10-21,2200,26.3,91,0.2
503,2020-10-21,2300,26.3,79,0.4
504,2020-10-22,0000,26,80,0.1
505,2020-10-22,0100,25.9,82,0.2
506,2020-10-22,0200,25.4,85,0
507,2020-10-22,0300,25,87,0
508,2020-10-22,0400,24.7,89,0
509,2020-10-22,0500,24.3,90,0
510,2020-10-22,0600,24.3,91,0.1
511,2020-10-22,0700,24.2,91,0
512,2020-10-22,0800,24.2,92,0.1
513,2020-10-22,0900,23.9,92,0
514,2020-10-22,1000,25.2,90,0
515,2020-10-22,1100,27.7,77,0.3
516,2020-10-22,1200,29.3,73,0.7
517,2020-10-22,1300,30.7,63,0.9
518,2020-10-22,1400,31.4,62,1
519,2020-10-22,1500,31.5,57,1.3
520,2020-10-22,1600,31.8,61,0.5
521,2020-10-22,1700,31.4,63,0.6
522,2020-10-22,1800,32.3,61,0.8
523,2020-10-22,1900,31.2,63,0.7
524,2020-10-22,2000,30.5,66,0.8
525,2020-10-22,2100,29.2,71,0.8
526,2020-10-22,2200,28.4,74,0.6
527,2020-10-22,2300,28,71,0.5
528,2020-10-23,0000,27.3,74,0.3
529,2020-10-23,0100,26.6,77,0.3
530,2020-10-23,0200,26.1,81,0.4
531,2020-10-23,0300,25.8,82,0
532,2020-10-23,0400,25.4,84,0.1
533,2020-10-23,0500,24.8,87,0
534,2020-10-23,0600,24.2,90,0
535,2020-10-23,0700,24.1,91,0
536,2020-10-23,0800,24.1,91,0
537,2020-10-23,0900,24.4,90,0
538,2020-10-23,1000,25.2,88,0.1
539,2020-10-23,1100,27.4,78,0.8
540,2020-10-23,1200,28.8,73,0.4
541,2020-10-23,1300,30.7,63,1.2
542,2020-10-23,1400,31.2,60,0.8
543,2020-10-23,1500,32.9,51,1.2
544,2020-10-23,1600,32.7,52,1.9
545,2020-10-23,1700,31,62,1.5
546,2020-10-23,1800,32.1,61,1.8
547,2020-10-23,1900,31.5,59,1.7
548,2020-10-23,2000,30.1,63,0.8
549,2020-10-23,2100,25.6,89,0.1
550,2020-10-23,2200,26,88,0.3
551,2020-10-23,2300,25.8,83,0.1
552,2020-10-24,0000,25.7,80,0.1
553,2020-10-24,0100,25.5,80,0.2
554,2020-10-24,0200,25.3,83,0.2
555,2020-10-24,0300,24.9,85,0.1
556,2020-10-24,0400,24.3,88,0
557,2020-10-24,0500,24.2,89,0
558,2020-10-24,0600,24,90,0
559,2020-10-24,0700,23.8,91,0
560,2020-10-24,0800,23.7,91,0
561,2020-10-24,0900,23.6,91,0
562,2020-10-24,1000,24.3,91,0
563,2020-10-24,1100,27.3,80,0.6
564,2020-10-24,1200,28.9,71,0.7
565,2020-10-24,1300,30.2,65,1.1
566,2020-10-24,1400,31.7,60,1
567,2020-10-24,1500,33.7,51,1.1
568,2020-10-24,1600,31.3,61,1.5
569,2020-10-24,1700,31,65,2
570,2020-10-24,1800,31.6,62,2
571,2020-10-24,1900,30.4,70,0.2
572,2020-10-24,2000,27.7,81,0.6
573,2020-10-24,2100,28,77,1.2
574,2020-10-24,2200,27.6,76,1.1
575,2020-10-24,2300,27.2,76,0.6
576,2020-10-25,0000,26.8,78,0.7
577,2020-10-25,0100,26.2,82,0.3
578,2020-10-25,0200,25.5,86,0
579,2020-10-25,0300,25.2,87,0
580,2020-10-25,0400,25.1,88,0
581,2020-10-25,0500,24.7,90,0
582,2020-10-25,0600,24.6,90,0
583,2020-10-25,0700,24.2,92,0
584,2020-10-25,0800,23.8,93,0
585,2020-10-25,0900,23.6,93,0
586,2020-10-25,1000,25.6,91,0.2
587,2020-10-25,1100,28.8,76,0.3
588,2020-10-25,1200,30.4,66,1.3
589,2020-10-25,1300,31.3,59,0.6
590,2020-10-25,1400,31.7,60,2.5
591,2020-10-25,1500,32,57,0.6
592,2020-10-25,1600,32.5,53,2.4
593,2020-10-25,1700,33.4,52,1.2
594,2020-10-25,1800,34,58,0.9
595,2020-10-25,1900,33.4,57,1.8
596,2020-10-25,2000,30.1,66,1.3
597,2020-10-25,2100,25.7,88,0.8
598,2020-10-25,2200,24.7,91,1.8
599,2020-10-25,2300,25,90,0.3
600,2020-10-26,0000,25.3,86,0.6
601,2020-10-26,0100,25.2,87,0.1
602,2020-10-26,0200,25.1,88,0.2
603,2020-10-26,0300,25.1,89,0
604,2020-10-26,0400,24.9,90,0
605,2020-10-26,0500,24.5,91,0
606,2020-10-26,0600,24.8,91,0
607,2020-10-26,0700,24.4,92,0
608,2020-10-26,0800,24.2,93,0
609,2020-10-26,0900,24.2,93,0
610,2020-10-26,1000,26,90,0
611,2020-10-26,1100,28.9,75,1.4
612,2020-10-26,1200,29,73,0.9
613,2020-10-26,1300,31.3,63,0.8
614,2020-10-26,1400,31.5,61,0.8
615,2020-10-26,1500,32.5,62,0.5
616,2020-10-26,1600,31.2,63,0.7
617,2020-10-26,1700,31,65,0.4
618,2020-10-26,1800,31,64,0.8
619,2020-10-26,1900,28.5,81,0.2
620,2020-10-26,2000,28.6,74,1.6
621,2020-10-26,2100,28.2,76,1.1
622,2020-10-26,2200,27,74,1.1
623,2020-10-26,2300,25.6,80,1.8
624,2020-10-27,0000,24.9,86,1.3
625,2020-10-27,0100,24.8,89,0.2
626,2020-10-27,0200,24.8,88,0
627,2020-10-27,0300,24.6,91,0
628,2020-10-27,0400,24.4,92,0
629,2020-10-27,0500,24.5,92,0
630,2020-10-27,0600,24.3,92,0
631,2020-10-27,0700,24.2,93,0
632,2020-10-27,0800,24.2,93,0
633,2020-10-27,0900,24.1,93,0
634,2020-10-27,1000,24.9,93,0
635,2020-10-27,1100,27.9,81,1.5
636,2020-10-27,1200,30.2,69,0.6
637,2020-10-27,1300,30.4,68,1.2
638,2020-10-27,1400,31.4,64,1.4
639,2020-10-27,1500,32.6,53,2.3
640,2020-10-27,1600,32,60,2.3
641,2020-10-27,1700,32.2,67,1.5
642,2020-10-27,1800,28.9,79,0.7
643,2020-10-27,1900,31.5,68,0.9
644,2020-10-27,2000,22.6,92,4.7
645,2020-10-27,2100,23.9,92,0.1
646,2020-10-27,2200,24.6,91,0.7
647,2020-10-27,2300,24.4,91,0.5
648,2020-10-28,0000,24.3,91,0
649,2020-10-28,0100,24.4,92,0
650,2020-10-28,0200,24.4,92,0
651,2020-10-28,0300,24.1,92,0
652,2020-10-28,0400,24,93,0
653,2020-10-28,0500,24.2,93,0
654,2020-10-28,0600,24.1,92,0
655,2020-10-28,0700,24.2,92,0
656,2020-10-28,0800,24.1,92,0.2
657,2020-10-28,0900,24.2,92,0.3
658,2020-10-28,1000,25.1,91,0.6
659,2020-10-28,1100,27.6,80,1.6
660,2020-10-28,1200,28.7,79,0.5
661,2020-10-28,1300,30.9,65,1.3
662,2020-10-28,1400,31.6,62,2.1
663,2020-10-28,1500,32.4,56,1.3
664,2020-10-28,1600,32.5,53,2.1
665,2020-10-28,1700,32.7,58,1.6
666,2020-10-28,1800,32.8,61,1.5
667,2020-10-28,1900,29.4,81,0.4
668,2020-10-28,2000,27.4,79,0.7
669,2020-10-28,2100,28.3,80,0.4
670,2020-10-28,2200,27.7,80,1.2
671,2020-10-28,2300,27.3,83,0.8
672,2020-10-29,0000,27.1,81,0.2
673,2020-10-29,0100,26.8,82,0
674,2020-10-29,0200,26.2,86,0.4
675,2020-10-29,0300,25.7,88,0
676,2020-10-29,0400,25.2,90,0.1
677,2020-10-29,0500,24.9,91,0
678,2020-10-29,0600,24.6,92,0
679,2020-10-29,0700,24.7,92,0.4
680,2020-10-29,0800,24.7,92,0.1
681,2020-10-29,0900,24.6,92,0.8
682,2020-10-29,1000,25.9,89,0.7
683,2020-10-29,1100,28,78,1.3
684,2020-10-29,1200,29.5,73,2.2
685,2020-10-29,1300,30.8,68,1.7
686,2020-10-29,1400,31.7,62,0.6
687,2020-10-29,1500,32.5,61,2.2
688,2020-10-29,1600,32.6,58,1.2
689,2020-10-29,1700,32.2,63,1.1
690,2020-10-29,1800,30.6,69,1.5
691,2020-10-29,1900,30.6,80,1.3
692,2020-10-29,2000,28.8,78,2.3
693,2020-10-29,2100,26,86,0
694,2020-10-29,2200,26.7,84,0.4
695,2020-10-29,2300,27.2,80,0.6
696,2020-10-30,0000,26.9,80,0.1
697,2020-10-30,0100,26.6,82,0.3
698,2020-10-30,0200,26.5,83,0.1
699,2020-10-30,0300,26.1,85,0
700,2020-10-30,0400,25.8,87,0
701,2020-10-30,0500,25.4,89,0
702,2020-10-30,0600,25,90,0.1
703,2020-10-30,0700,24.7,90,0
704,2020-10-30,0800,24.6,90,0
705,2020-10-30,0900,24.5,91,0.1
706,2020-10-30,1000,25.7,86,0.5
707,2020-10-30,1100,28,73,0.5
708,2020-10-30,1200,28.9,72,0.7
709,2020-10-30,1300,30.1,65,0.8
710,2020-10-30,1400,32.2,59,0.6
711,2020-10-30,1500,31.4,59,0.7
712,2020-10-30,1600,31.3,62,0.3
713,2020-10-30,1700,32,62,0.3
714,2020-10-30,1800,30.5,68,1.2
715,2020-10-30,1900,32,60,1.8
716,2020-10-30,2000,31,65,1.5
717,2020-10-30,2100,29.1,70,2
718,2020-10-30,2200,28.1,75,0.5
719,2020-10-30,2300,27.4,77,0.4
720,2020-10-31,0000,26.9,74,0.3
721,2020-10-31,0100,26.3,79,0.3
722,2020-10-31,0200,26.3,80,0.1
723,2020-10-31,0300,25.9,82,0.1
724,2020-10-31,0400,25.3,85,0
725,2020-10-31,0500,25,86,0
726,2020-10-31,0600,24.5,88,0
727,2020-10-31,0700,23.7,92,0
728,2020-10-31,0800,23.6,92,0
729,2020-10-31,0900,23.5,92,0
730,2020-10-31,1000,25.5,87,0.3
731,2020-10-31,1100,28.2,76,0.3
732,2020-10-31,1200,29.9,68,0.6
733,2020-10-31,1300,30.9,62,1.8
734,2020-10-31,1400,31.8,58,0.7
735,2020-10-31,1500,33.4,56,0.8
736,2020-10-31,1600,33.7,49,1.7
737,2020-10-31,1700,33.4,52,1.1
738,2020-10-31,1800,31.7,65,1.2
739,2020-10-31,1900,33.2,59,1.7
740,2020-10-31,2000,32.3,59,1.3
741,2020-10-31,2100,30.6,66,1.4
742,2020-10-31,2200,29.5,70,1
743,2020-10-31,2300,28.8,69,0.5
744,2020-11-01,0000,27.7,74,0.5
745,2020-11-01,0100,27,77,0.3
746,2020-11-01,0200,26.2,80,0.8
747,2020-11-01,0300,25.7,84,0.1
748,2020-11-01,0400,25.2,86,0
749,2020-11-01,0500,25.3,86,0
750,2020-11-01,0600,24.3,91,0
751,2020-11-01,0700,24,92,0
752,2020-11-01,0800,23.7,92,0
753,2020-11-01,0900,23.7,93,0
754,2020-11-01,1000,25.6,89,0.2
755,2020-11-01,1100,28.5,75,1.3
756,2020-11-01,1200,29.9,70,1.2
757,2020-11-01,1300,30.2,67,1.2
758,2020-11-01,1400,32.6,59,1
759,2020-11-01,1500,33.6,55,0.3
760,2020-11-01,1600,33.5,59,0.9
761,2020-11-01,1700,32.6,63,2.1
762,2020-11-01,1800,28.5,86,0.7
763,2020-11-01,1900,31,71,1.3
764,2020-11-01,2000,28.2,69,1.5
765,2020-11-01,2100,27.3,74,0.5
766,2020-11-01,2200,27.3,76,0.3
767,2020-11-01,2300,27.1,77,0.2
768,2020-11-02,0000,26.6,80,0.2
769,2020-11-02,0100,26.4,82,0.2
770,2020-11-02,0200,26.2,83,0.4
771,2020-11-02,0300,25.8,86,0
772,2020-11-02,0400,25.8,88,0.1
773,2020-11-02,0500,25.6,88,0
774,2020-11-02,0600,25.4,89,0
775,2020-11-02,0700,25.3,89,0
776,2020-11-02,0800,25.2,89,0
777,2020-11-02,0900,25,89,0
778,2020-11-02,1000,26.7,84,0
779,2020-11-02,1100,28.6,72,0.3
780,2020-11-02,1200,29.9,71,1
781,2020-11-02,1300,31.5,61,0.3
782,2020-11-02,1400,31.8,62,0.5
783,2020-11-02,1500,33,59,1.3
784,2020-11-02,1600,34,59,0.5
785,2020-11-02,1700,33.2,55,0.7
786,2020-11-02,1800,35.1,41,1
787,2020-11-02,1900,34,52,1.7
788,2020-11-02,2000,31.3,65,1
789,2020-11-02,2100,29.2,70,1.6
790,2020-11-02,2200,28.4,74,1.3
791,2020-11-02,2300,28,76,0.9
792,2020-11-03,0000,27.6,78,0.4
793,2020-11-03,0100,27.4,78,0.2
794,2020-11-03,0200,27,81,0.1
795,2020-11-03,0300,26.6,83,0.1
796,2020-11-03,0400,26.4,85,0.1
797,2020-11-03,0500,25.9,86,0
798,2020-11-03,0600,25.3,89,0
799,2020-11-03,0700,25,91,0
800,2020-11-03,0800,24.9,92,0.1
801,2020-11-03,0900,24.8,92,0.3
802,2020-11-03,1000,26.6,86,0.3
803,2020-11-03,1100,27.9,86,0.6
804,2020-11-03,1200,28.8,70,0.4
805,2020-11-03,1300,30.6,62,2.2
806,2020-11-03,1400,30.2,65,1.9
807,2020-11-03,1500,31.5,60,1.6
808,2020-11-03,1600,32.7,58,0.9
809,2020-11-03,1700,32.6,54,1.6
810,2020-11-03,1800,30.6,62,0.8
811,2020-11-03,1900,27.3,87,1.7
812,2020-11-03,2000,26.7,85,0.1
813,2020-11-03,2100,23.7,90,2.7
814,2020-11-03,2200,24.3,92,3.8
815,2020-11-03,2300,24.5,91,1.2
816,2020-11-04,0000,24.2,92,1.4
817,2020-11-04,0100,24.1,92,1.3
818,2020-11-04,0200,24,92,1
819,2020-11-04,0300,23.9,92,1.2
820,2020-11-04,0400,23.8,91,0.2
821,2020-11-04,0500,23.7,93,0.1
822,2020-11-04,0600,23.8,93,0.1
823,2020-11-04,0700,23.8,93,0.1
824,2020-11-04,0800,23.7,93,0.1
825,2020-11-04,0900,23.7,94,0.4
826,2020-11-04,1000,23.9,94,1
827,2020-11-04,1100,25.1,91,1.1
828,2020-11-04,1200,26.1,88,1.6
829,2020-11-04,1300,29.5,75,2.6
830,2020-11-04,1400,30.9,73,2.6
831,2020-11-04,1500,31.5,67,1.7
832,2020-11-04,1600,32,62,2
833,2020-11-04,1700,32.4,62,2.1
834,2020-11-04,1800,30,72,0.6
835,2020-11-04,1900,30,73,0.6
836,2020-11-04,2000,23.7,93,4
837,2020-11-04,2100,24.3,94,0.3
838,2020-11-04,2200,24.3,93,0.2
839,2020-11-04,2300,24.3,93,0.1
840,2020-11-05,0000,24.1,93,0.1
841,2020-11-05,0100,24,93,0
842,2020-11-05,0200,24.2,93,0.1
843,2020-11-05,0300,24.3,93,0
844,2020-11-05,0400,24.4,93,0
845,2020-11-05,0500,24.3,93,0
846,2020-11-05,0600,24.2,93,0
847,2020-11-05,0700,24.3,94,0
848,2020-11-05,0800,24.4,93,0.1
849,2020-11-05,0900,24.2,93,0
850,2020-11-05,1000,24.7,93,0.6
851,2020-11-05,1100,27.9,83,0.3
852,2020-11-05,1200,28.8,74,0.6
853,2020-11-05,1300,30.9,68,1.4
854,2020-11-05,1400,30.1,69,2.3
855,2020-11-05,1500,30.6,68,0.7
856,2020-11-05,1600,32.6,60,1
857,2020-11-05,1700,31.7,62,0.8
858,2020-11-05,1800,25.9,92,1.1
859,2020-11-05,1900,24.7,93,0.1
860,2020-11-05,2000,25.2,93,0
861,2020-11-05,2100,25.4,93,0
862,2020-11-05,2200,25,93,0
863,2020-11-05,2300,24.8,94,0
864,2020-11-06,0000,24.7,94,0.2
865,2020-11-06,0100,24.7,94,0
866,2020-11-06,0200,24.7,94,0
867,2020-11-06,0300,24.8,94,0
868,2020-11-06,0400,24.8,94,0
869,2020-11-06,0500,24.7,94,0
870,2020-11-06,0600,24.7,94,0
871,2020-11-06,0700,24.6,94,0
872,2020-11-06,0800,24.7,94,0
873,2020-11-06,0900,24.7,94,0
874,2020-11-06,1000,25.2,94,0.5
875,2020-11-06,1100,26.5,89,1.6
876,2020-11-06,1200,28.2,79,1.2
877,2020-11-06,1300,30.1,72,1.9
878,2020-11-06,1400,31,68,2.4
879,2020-11-06,1500,31.6,61,3
880,2020-11-06,1600,31.3,65,2.9
881,2020-11-06,1700,30.7,66,1.6
882,2020-11-06,1800,31.6,60,1.3
883,2020-11-06,1900,27.6,75,1.3
884,2020-11-06,2000,26,84,0.6
885,2020-11-06,2100,25.9,82,0.3
886,2020-11-06,2200,25,92,0.1
887,2020-11-06,2300,24.9,92,0.5
888,2020-11-07,0000,24.9,93,0
889,2020-11-07,0100,24.8,93,0
890,2020-11-07,0200,24.9,93,0
891,2020-11-07,0300,23.9,93,1.8
892,2020-11-07,0400,23.5,94,0.6
893,2020-11-07,0500,23.9,94,0
894,2020-11-07,0600,24.1,94,0
895,2020-11-07,0700,23.9,94,0.2
896,2020-11-07,0800,23.6,94,0.3
897,2020-11-07,0900,23.7,93,0.5
898,2020-11-07,1000,24,93,1.1
899,2020-11-07,1100,24.9,92,0.3
900,2020-11-07,1200,27.8,81,1.9
901,2020-11-07,1300,29.6,73,2.4
902,2020-11-07,1400,30.2,68,2.8
903,2020-11-07,1500,29.9,73,1.9
904,2020-11-07,1600,30.7,66,1.7
905,2020-11-07,1700,32,60,1.8
906,2020-11-07,1800,31.9,59,2.1
907,2020-11-07,1900,32.3,58,1.4
908,2020-11-07,2000,31.8,63,0.6
909,2020-11-07,2100,29.4,73,0.8
910,2020-11-07,2200,28,76,0.7
911,2020-11-07,2300,26.9,84,0.1
912,2020-11-08,0000,27.3,82,0.5
913,2020-11-08,0100,26.6,83,0.3
914,2020-11-08,0200,26.2,85,0.6
915,2020-11-08,0300,26,87,0.3
916,2020-11-08,0400,25.6,88,0.5
917,2020-11-08,0500,25.1,90,0.9
918,2020-11-08,0600,24.9,91,1.1
919,2020-11-08,0700,24.6,92,0.1
920,2020-11-08,0800,24.4,93,0
921,2020-11-08,0900,24.3,93,0.1
922,2020-11-08,1000,26.1,89,0.6
923,2020-11-08,1100,28.5,79,1.9
924,2020-11-08,1200,31.3,67,1.2
925,2020-11-08,1300,31,70,2
926,2020-11-08,1400,30.1,69,2.3
927,2020-11-08,1500,33.1,61,3.2
928,2020-11-08,1600,33.3,56,3
929,2020-11-08,1700,33.5,56,3
930,2020-11-08,1800,33.9,54,1.4
931,2020-11-08,1900,33.7,59,1
932,2020-11-08,2000,31,72,1.9
933,2020-11-08,2100,30.1,76,0.4
934,2020-11-08,2200,29.8,65,0.3
935,2020-11-08,2300,28.3,63,0.4
936,2020-11-09,0000,27.2,68,0.6
937,2020-11-09,0100,26.5,73,0.4
938,2020-11-09,0200,26.1,76,0.4
939,2020-11-09,0300,25.6,79,0.4
940,2020-11-09,0400,25.4,80,0.1
941,2020-11-09,0500,25.3,82,0.2
942,2020-11-09,0600,25.2,83,0
943,2020-11-09,0700,25,84,0
944,2020-11-09,0800,24.9,86,0
945,2020-11-09,0900,24.6,88,0
946,2020-11-09,1000,26.7,80,0.4
947,2020-11-09,1100,29.4,73,0.9
948,2020-11-09,1200,30.2,68,1
949,2020-11-09,1300,30.5,64,1.6
950,2020-11-09,1400,33,59,1.6
951,2020-11-09,1500,32.9,56,3
952,2020-11-09,1600,33.5,59,1.1
953,2020-11-09,1700,32.9,60,3
954,2020-11-09,1800,31.8,63,1.5
955,2020-11-09,1900,30.3,68,0.9
956,2020-11-09,2000,27.9,79,1.6
957,2020-11-09,2100,25.5,90,0.4
958,2020-11-09,2200,25.1,91,0.7
959,2020-11-09,2300,24.3,90,0.1
960,2020-11-10,0000,24.1,92,0.1
961,2020-11-10,0100,24.3,91,0
962,2020-11-10,0200,24.1,93,0
963,2020-11-10,0300,24,92,0
964,2020-11-10,0400,24,93,0
965,2020-11-10,0500,23.9,93,0
966,2020-11-10,0600,23.9,93,0
967,2020-11-10,0700,23.8,93,0
968,2020-11-10,0800,23.9,93,0
969,2020-11-10,0900,24,94,0
970,2020-11-10,1000,25.1,93,0
971,2020-11-10,1100,27.2,86,0.3
972,2020-11-10,1200,29.8,75,0.7
973,2020-11-10,1300,30,74,0.4
974,2020-11-10,1400,31.1,68,2.2
975,2020-11-10,1500,31.4,66,1.1
976,2020-11-10,1600,29.8,75,0.5
977,2020-11-10,1700,28.7,78,1.9
978,2020-11-10,1800,27.9,80,0.9
979,2020-11-10,1900,26.6,91,0.4
980,2020-11-10,2000,26.5,88,0.3
981,2020-11-10,2100,26.2,89,0.4
982,2020-11-10,2200,23,93,0
983,2020-11-10,2300,23,93,0.2
984,2020-11-11,0000,23.2,93,0
985,2020-11-11,0100,23.1,93,0
986,2020-11-11,0200,23.3,93,0
987,2020-11-11,0300,23.5,93,0
988,2020-11-11,0400,23.6,93,0
989,2020-11-11,0500,23.6,94,0
990,2020-11-11,0600,23.7,94,0
991,2020-11-11,0700,23.8,94,0
992,2020-11-11,0800,23.8,94,0
993,2020-11-11,0900,23.8,94,0
994,2020-11-11,1000,24.7,94,0
995,2020-11-11,1100,27.8,83,0.2
996,2020-11-11,1200,27.2,87,0
997,2020-11-11,1300,29.1,74,0.9
998,2020-11-11,1400,28.5,78,0.5
999,2020-11-11,1500,24.3,92,0.6
1000,2020-11-11,1600,24.7,90,0.1
1001,2020-11-11,1700,25.8,83,0.1
1002,2020-11-11,1800,26.1,84,0.3
1003,2020-11-11,1900,26,82,1
1004,2020-11-11,2000,26,83,0.1
1005,2020-11-11,2100,25.2,88,0.1
1006,2020-11-11,2200,25,88,0.2
1007,2020-11-11,2300,24.5,88,0
1008,2020-11-12,0000,24.4,87,0
1009,2020-11-12,0100,23.9,90,0
1010,2020-11-12,0200,23.5,91,0
1011,2020-11-12,0300,23.4,92,0
1012,2020-11-12,0400,23.2,92,0.2
1013,2020-11-12,0500,23.1,93,0
1014,2020-11-12,0600,23,94,0
1015,2020-11-12,0700,23.1,94,0
1016,2020-11-12,0800,23.2,94,0
1017,2020-11-12,0900,23.2,94,0
1018,2020-11-12,1000,24.4,94,0
1019,2020-11-12,1100,27,85,0.1
1020,2020-11-12,1200,29.7,72,0.7
1021,2020-11-12,1300,29.6,71,0.9
1022,2020-11-12,1400,31.1,66,0.9
1023,2020-11-12,1500,31.3,62,0.3
1024,2020-11-12,1600,30.1,70,2.1
1025,2020-11-12,1700,31.3,61,1.4
1026,2020-11-12,1800,30,70,1.1
1027,2020-11-12,1900,26.9,86,0.2
1028,2020-11-12,2000,27.3,78,0.5
1029,2020-11-12,2100,26.4,83,0.1
1030,2020-11-12,2200,26,83,2.6
1031,2020-11-12,2300,25,92,0
1032,2020-11-13,0000,24.8,93,0
1033,2020-11-13,0100,24.9,93,0
1034,2020-11-13,0200,25.2,91,0.3
1035,2020-11-13,0300,25,91,0.1
1036,2020-11-13,0400,24.7,92,0
1037,2020-11-13,0500,24.4,93,0
1038,2020-11-13,0600,24.2,93,0
1039,2020-11-13,0700,24.1,94,0
1040,2020-11-13,0800,23.9,94,0
1041,2020-11-13,0900,23.8,94,0
1042,2020-11-13,1000,25.6,94,0.1
1043,2020-11-13,1100,28.3,80,1.6
1044,2020-11-13,1200,29.1,74,0.5
1045,2020-11-13,1300,30.9,67,1.6
1046,2020-11-13,1400,30.3,67,1.7
1047,2020-11-13,1500,33,59,1.8
1048,2020-11-13,1600,33.2,56,1.7
1049,2020-11-13,1700,33.5,54,1.5
1050,2020-11-13,1800,32.4,64,1.7
1051,2020-11-13,1900,25.4,88,0.4
1052,2020-11-13,2000,25.7,87,0.5
1053,2020-11-13,2100,25.8,88,0.4
1054,2020-11-13,2200,25.5,84,0.4
1055,2020-11-13,2300,25.1,87,0.8
1056,2020-11-14,0000,25,90,0
1057,2020-11-14,0100,24.9,90,0
1058,2020-11-14,0200,24.6,91,0
1059,2020-11-14,0300,24.3,93,0
1060,2020-11-14,0400,24.1,94,0
1061,2020-11-14,0500,24.1,94,0
1062,2020-11-14,0600,24.3,93,0
1063,2020-11-14,0700,24.2,94,0
1064,2020-11-14,0800,23.9,94,0
1065,2020-11-14,0900,24.1,94,0
1066,2020-11-14,1000,24.8,94,0
1067,2020-11-14,1100,26.5,88,1.3
1068,2020-11-14,1200,29.2,75,2.1
1069,2020-11-14,1300,29.9,72,2.3
1070,2020-11-14,1400,30.8,65,1.7
1071,2020-11-14,1500,31.4,66,2
1072,2020-11-14,1600,32.6,61,1.3
1073,2020-11-14,1700,33,59,2
1074,2020-11-14,1800,33,61,1.4
1075,2020-11-14,1900,26.3,81,0.1
1076,2020-11-14,2000,26.8,75,0.5
1077,2020-11-14,2100,26.6,77,0.2
1078,2020-11-14,2200,26.5,79,0.1
1079,2020-11-14,2300,26.6,81,0.5
1080,2020-11-15,0000,26.6,81,0.2
1081,2020-11-15,0100,26.4,82,0.3
1082,2020-11-15,0200,26.1,85,0
1083,2020-11-15,0300,25.9,86,0
1084,2020-11-15,0400,25.5,88,0
1085,2020-11-15,0500,25.1,90,0
1086,2020-11-15,0600,24.9,91,0
1087,2020-11-15,0700,25,91,0
1088,2020-11-15,0800,24.5,92,0
1089,2020-11-15,0900,24.4,92,0
1090,2020-11-15,1000,26.3,89,0.1
1091,2020-11-15,1100,28.7,77,0.6
1092,2020-11-15,1200,28.8,74,1.4
1093,2020-11-15,1300,31.4,66,2.9
1094,2020-11-15,1400,32.5,58,1.1
1095,2020-11-15,1500,32.4,59,1.6
1096,2020-11-15,1600,32.8,62,2.3
1097,2020-11-15,1700,30.5,69,2
1098,2020-11-15,1800,28.9,80,0.2
1099,2020-11-15,1900,30.4,73,0.9
1100,2020-11-15,2000,26.2,88,0.9
1101,2020-11-15,2100,26.2,92,0
1102,2020-11-15,2200,26.1,93,0
1103,2020-11-15,2300,25.9,92,0.2
1104,2020-11-16,0000,25.9,88,0.1
1105,2020-11-16,0100,25.8,87,0.2
1106,2020-11-16,0200,25.6,88,0.1
1107,2020-11-16,0300,25.4,89,0.1
1108,2020-11-16,0400,24.8,92,0
1109,2020-11-16,0500,24.5,93,0
1110,2020-11-16,0600,24.6,93,0
1111,2020-11-16,0700,24.2,94,0
1112,2020-11-16,0800,24.2,94,0
1113,2020-11-16,0900,24,94,0
1114,2020-11-16,1000,25.4,94,0.1
1115,2020-11-16,1100,27.7,81,0.4
1116,2020-11-16,1200,29.3,69,0.9
1117,2020-11-16,1300,31,64,1
1118,2020-11-16,1400,31.4,62,0.9
1119,2020-11-16,1500,33,57,1
1120,2020-11-16,1600,33.1,55,0.8
1121,2020-11-16,1700,32.8,55,0.7
1122,2020-11-16,1800,30.1,68,2.2
1123,2020-11-16,1900,30.1,71,0.4
1124,2020-11-16,2000,30,71,1.1
1125,2020-11-16,2100,28.9,74,1.2
1126,2020-11-16,2200,28.3,74,0.8
1127,2020-11-16,2300,27.5,79,0.3
1128,2020-11-17,0000,27.1,78,0.2
1129,2020-11-17,0100,26.6,81,0.1
1130,2020-11-17,0200,26.2,84,0.1
1131,2020-11-17,0300,25.5,88,0
1132,2020-11-17,0400,25,90,0
1133,2020-11-17,0500,24.7,92,0
1134,2020-11-17,0600,24.5,93,0
1135,2020-11-17,0700,24.3,93,0
1136,2020-11-17,0800,24.2,94,0
1137,2020-11-17,0900,24.4,94,0
1138,2020-11-17,1000,25.2,94,0.1
1139,2020-11-17,1100,28.5,80,1.5
1140,2020-11-17,1200,29.8,69,0.4
1141,2020-11-17,1300,30.4,67,1.6
1142,2020-11-17,1400,30,69,1.4
1143,2020-11-17,1500,32.6,58,1
1144,2020-11-17,1600,32.3,57,2.3
1145,2020-11-17,1700,33.7,58,1
1146,2020-11-17,1800,28.9,78,1.1
1147,2020-11-17,1900,23.8,93,0.4
1148,2020-11-17,2000,25.3,91,0.5
1149,2020-11-17,2100,26.1,89,0.1
1150,2020-11-17,2200,25.4,92,0
1151,2020-11-17,2300,25.3,92,0.2
1152,2020-11-18,0000,25.2,91,0.1
1153,2020-11-18,0100,24.9,92,0
1154,2020-11-18,0200,24.7,93,0
1155,2020-11-18,0300,24.6,94,0
1156,2020-11-18,0400,24.5,94,0
1157,2020-11-18,0500,24.2,94,0
1158,2020-11-18,0600,24.1,94,0
1159,2020-11-18,0700,24.1,94,0
1160,2020-11-18,0800,24.1,94,0
1161,2020-11-18,0900,24.1,94,0
1162,2020-11-18,1000,25.3,94,0
1163,2020-11-18,1100,27.4,84,1.4
1164,2020-11-18,1200,30.3,73,0.9
1165,2020-11-18,1300,30.7,72,0.7
1166,2020-11-18,1400,32.3,61,2.2
1167,2020-11-18,1500,33,60,1.3
1168,2020-11-18,1600,33,57,2.6
1169,2020-11-18,1700,34.2,49,1.2
1170,2020-11-18,1800,33.3,62,1.7
1171,2020-11-18,1900,23.5,93,1
1172,2020-11-18,2000,25.7,93,0.3
1173,2020-11-18,2100,26,87,0.2
1174,2020-11-18,2200,24.7,87,0
1175,2020-11-18,2300,24.8,86,0
1176,2020-11-19,0000,24.5,91,0
1177,2020-11-19,0100,25.5,89,0.1
1178,2020-11-19,0200,25.5,88,0.2
1179,2020-11-19,0300,25.7,88,0
1180,2020-11-19,0400,25.4,90,0
1181,2020-11-19,0500,25,92,0
1182,2020-11-19,0600,24.8,93,0
1183,2020-11-19,0700,24.5,94,0
1184,2020-11-19,0800,24.5,94,0
1185,2020-11-19,0900,24.8,94,0
1186,2020-11-19,1000,25.5,94,0
1187,2020-11-19,1100,26.8,90,0.1
1188,2020-11-19,1200,28,80,0.5
1189,2020-11-19,1300,29.3,75,1
1190,2020-11-19,1400,29.3,75,1.6
1191,2020-11-19,1500,30.6,66,1.5
1192,2020-11-19,1600,30.5,63,0.6
1193,2020-11-19,1700,30.7,64,0.4
1194,2020-11-19,1800,23.9,92,1.1
1195,2020-11-19,1900,23.8,93,0.3
1196,2020-11-19,2000,24,94,0.4
1197,2020-11-19,2100,23.9,94,0.1
1198,2020-11-19,2200,23.9,94,0
1199,2020-11-19,2300,24.1,94,0.3
1200,2020-11-20,0000,24.3,94,0
1201,2020-11-20,0100,24.3,94,1.8
1202,2020-11-20,0200,24.1,94,0.9
1203,2020-11-20,0300,24,94,1.5
1204,2020-11-20,0400,23.9,94,0.8
1205,2020-11-20,0500,23.5,94,1.6
1206,2020-11-20,0600,23.3,94,1.4
1207,2020-11-20,0700,23.3,94,0.3
1208,2020-11-20,0800,23,94,0
1209,2020-11-20,0900,22.8,94,0
1210,2020-11-20,1000,23.4,95,0
1211,2020-11-20,1100,25.6,84,0
1212,2020-11-20,1200,28,72,1.4
1213,2020-11-20,1300,29.5,68,1.3
1214,2020-11-20,1400,30.4,67,1.1
1215,2020-11-20,1500,31.6,61,2.8
1216,2020-11-20,1600,31.5,61,2.2
1217,2020-11-20,1700,31.5,60,1
1218,2020-11-20,1800,32.4,56,2.3
1219,2020-11-20,1900,31.7,56,1.4
1220,2020-11-20,2000,31.3,56,0.5
1221,2020-11-20,2100,29.5,64,1.5
1222,2020-11-20,2200,28.3,70,0.6
1223,2020-11-20,2300,26.5,75,0.5
1224,2020-11-21,0000,26,78,0.6
1225,2020-11-21,0100,25.3,84,0.2
1226,2020-11-21,0200,24.9,88,0
1227,2020-11-21,0300,25.2,88,0.3
1228,2020-11-21,0400,24.7,90,0.1
1229,2020-11-21,0500,24.6,91,0.1
1230,2020-11-21,0600,24.4,92,0
1231,2020-11-21,0700,24.4,93,0
1232,2020-11-21,0800,24.2,93,0
1233,2020-11-21,0900,24.1,94,0.1
1234,2020-11-21,1000,25.5,89,1
1235,2020-11-21,1100,27.8,79,1.9
1236,2020-11-21,1200,29.9,71,1.2
1237,2020-11-21,1300,31.1,64,1
1238,2020-11-21,1400,32.2,61,1.1
1239,2020-11-21,1500,32.8,57,1.3
1240,2020-11-21,1600,32.6,55,1.8
1241,2020-11-21,1700,33.2,55,1.5
1242,2020-11-21,1800,27.9,76,1.9
1243,2020-11-21,1900,28.3,73,1.8
1244,2020-11-21,2000,25.2,85,0.9
1245,2020-11-21,2100,25.8,78,0.3
1246,2020-11-21,2200,25.7,83,0.1
1247,2020-11-21,2300,25,87,0.3
1248,2020-11-22,0000,24.8,87,0
1249,2020-11-22,0100,24.2,91,0
1250,2020-11-22,0200,24.6,90,0
1251,2020-11-22,0300,24.4,91,0
1252,2020-11-22,0400,24.3,92,0
1253,2020-11-22,0500,24.2,93,0
1254,2020-11-22,0600,24.7,93,0
1255,2020-11-22,0700,24.9,92,0
1256,2020-11-22,0800,24.8,92,0
1257,2020-11-22,0900,24.7,93,0
1258,2020-11-22,1000,25.3,91,0.3
1259,2020-11-22,1100,26.9,85,0.5
1260,2020-11-22,1200,28.9,77,2.1
1261,2020-11-22,1300,30.9,67,2.2
1262,2020-11-22,1400,32.1,59,0.6
1263,2020-11-22,1500,32,58,2.3
1264,2020-11-22,1600,33,54,2.1
1265,2020-11-22,1700,32.9,54,1.4
1266,2020-11-22,1800,31.5,59,1
1267,2020-11-22,1900,27,80,1.5
1268,2020-11-22,2000,24.6,94,0.3
1269,2020-11-22,2100,25.2,94,0
1270,2020-11-22,2200,25.1,93,0
1271,2020-11-22,2300,23.2,95,1.5
1272,2020-11-23,0000,24,95,0
1273,2020-11-23,0100,24.1,95,0
1274,2020-11-23,0200,24.1,95,1.1
1275,2020-11-23,0300,23.6,95,2
1276,2020-11-23,0400,23.4,94,2.8
1277,2020-11-23,0500,22.9,94,0.8
1278,2020-11-23,0600,22.6,95,0.1
1279,2020-11-23,0700,22.7,95,1
1280,2020-11-23,0800,22.6,95,1.5
1281,2020-11-23,0900,22.5,95,0.2
1282,2020-11-23,1000,22.9,95,0
1283,2020-11-23,1100,23.8,92,0
1284,2020-11-23,1200,25.5,83,0.8
1285,2020-11-23,1300,26.4,75,0.2
1286,2020-11-23,1400,29.6,66,0.6
1287,2020-11-23,1500,29.9,64,0.5
1288,2020-11-23,1600,28.9,64,1.3
1289,2020-11-23,1700,29.3,66,1
1290,2020-11-23,1800,29.2,64,0.9
1291,2020-11-23,1900,30.6,63,0.3
1292,2020-11-23,2000,29.4,62,0.5
1293,2020-11-23,2100,27.9,71,0.5
1294,2020-11-23,2200,26.9,77,0.4
1295,2020-11-23,2300,26.2,80,0.1
1296,2020-11-24,0000,25.5,85,1.2
1297,2020-11-24,0100,24.9,89,0.9
1298,2020-11-24,0200,24.6,90,0.1
1299,2020-11-24,0300,24.3,92,0
1300,2020-11-24,0400,24,93,0
1301,2020-11-24,0500,23.9,94,0.1
1302,2020-11-24,0600,23.9,94,0.1
1303,2020-11-24,0700,23.8,94,0
1304,2020-11-24,0800,23.6,94,0
1305,2020-11-24,0900,23.7,95,0
1306,2020-11-24,1000,24.9,94,0.8
1307,2020-11-24,1100,27.3,81,1.8
1308,2020-11-24,1200,28.3,76,3.2
1309,2020-11-24,1300,29.8,74,1.8
1310,2020-11-24,1400,30.7,69,1.3
1311,2020-11-24,1500,30.2,63,3.3
1312,2020-11-24,1600,28,80,2.6
1313,2020-11-24,1700,31.9,62,3.2
1314,2020-11-24,1800,30.6,61,1.5
1315,2020-11-24,1900,26.3,84,1.8
1316,2020-11-24,2000,26.5,87,0.2
1317,2020-11-24,2100,27,79,0.1
1318,2020-11-24,2200,27,78,0.6
1319,2020-11-24,2300,26.7,78,0.3
1320,2020-11-25,0000,25.9,81,0.2
1321,2020-11-25,0100,25.6,81,0.5
1322,2020-11-25,0200,25.3,84,0.2
1323,2020-11-25,0300,24.8,87,0
1324,2020-11-25,0400,24.7,89,0.1
1325,2020-11-25,0500,24.8,89,0.3
1326,2020-11-25,0600,24.8,89,0.1
1327,2020-11-25,0700,24.3,91,0
1328,2020-11-25,0800,24,93,0
1329,2020-11-25,0900,23.8,94,0
1330,2020-11-25,1000,25.5,90,0.4
1331,2020-11-25,1100,28.1,78,0.5
1332,2020-11-25,1200,29.2,72,1.5
1333,2020-11-25,1300,30.7,69,1.5
1334,2020-11-25,1400,32.2,61,2.5
1335,2020-11-25,1500,32.3,64,2.8
1336,2020-11-25,1600,32.2,61,2.1
1337,2020-11-25,1700,32.3,57,2.7
1338,2020-11-25,1800,28.7,74,0.4
1339,2020-11-25,1900,26.7,79,1.1
1340,2020-11-25,2000,26.6,81,0.7
1341,2020-11-25,2100,26.1,82,0.5
1342,2020-11-25,2200,25.7,83,0.1
1343,2020-11-25,2300,,,
1344,2020-11-26,0000,25.9,85,0.1
1345,2020-11-26,0100,25.4,87,2.5
1346,2020-11-26,0200,25,90,0
1347,2020-11-26,0300,25.2,91,0
1348,2020-11-26,0400,25.2,90,0
1349,2020-11-26,0500,24.9,91,0.1
1350,2020-11-26,0600,24.8,92,0
1351,2020-11-26,0700,24.7,91,0
1352,2020-11-26,0800,24.6,92,0
1353,2020-11-26,0900,24.6,92,0.2
1354,2020-11-26,1000,25.2,91,0.5
1355,2020-11-26,1100,28.2,79,1.3
1356,2020-11-26,1200,29.8,70,1.7
1357,2020-11-26,1300,30.8,62,3.2
1358,2020-11-26,1400,32.1,55,2.8
1359,2020-11-26,1500,31.5,55,1.8
1360,2020-11-26,1600,31.7,56,2.5
1361,2020-11-26,1700,33,53,1.9
1362,2020-11-26,1800,32.6,54,1.9
1363,2020-11-26,1900,32,61,1.3
1364,2020-11-26,2000,29.6,70,1.8
1365,2020-11-26,2100,28.8,74,1
1366,2020-11-26,2200,25.2,91,0.7
1367,2020-11-26,2300,24.7,92,1.9
1368,2020-11-27,0000,23.4,93,3.3
1369,2020-11-27,0100,23.6,94,0.8
1370,2020-11-27,0200,23.8,94,0.7
1371,2020-11-27,0300,23.5,94,2
1372,2020-11-27,0400,23.3,93,0.6
1373,2020-11-27,0500,23.2,93,0
1374,2020-11-27,0600,23.1,94,0
1375,2020-11-27,0700,23.2,94,0
1376,2020-11-27,0800,23.2,94,0.4
1377,2020-11-27,0900,23.2,94,0.2
1378,2020-11-27,1000,23.9,93,0.3
1379,2020-11-27,1100,26.1,85,1.2
1380,2020-11-27,1200,28.5,75,1.7
1381,2020-11-27,1300,30,69,2
1382,2020-11-27,1400,29,71,2.2
1383,2020-11-27,1500,31.1,62,2.4
1384,2020-11-27,1600,32.3,64,1.4
1385,2020-11-27,1700,31.9,61,1.8
1386,2020-11-27,1800,32.4,57,1
1387,2020-11-27,1900,31.7,58,0.4
1388,2020-11-27,2000,28.5,76,2.1
1389,2020-11-27,2100,24.4,91,2.6
1390,2020-11-27,2200,23.2,94,1.9
1391,2020-11-27,2300,23.1,94,1.5
1392,2020-11-28,0000,23,94,1.7
1393,2020-11-28,0100,23,95,0.2
1394,2020-11-28,0200,23.3,95,0.1
1395,2020-11-28,0300,23.4,95,0
1396,2020-11-28,0400,23.4,95,0
1397,2020-11-28,0500,23.5,95,0
1398,2020-11-28,0600,23.6,95,0.2
1399,2020-11-28,0700,23.5,94,0.8
1400,2020-11-28,0800,23.5,94,0.2
1401,2020-11-28,0900,23.7,94,0
1402,2020-11-28,1000,24.3,94,0.1
1403,2020-11-28,1100,25.4,91,0.1
1404,2020-11-28,1200,28.9,78,0.9
1405,2020-11-28,1300,30.7,70,0.9
1406,2020-11-28,1400,30.7,70,2.6
1407,2020-11-28,1500,30.5,73,1.2
1408,2020-11-28,1600,30.4,74,1.3
1409,2020-11-28,1700,30,74,1.6
1410,2020-11-28,1800,30.8,68,1.6
1411,2020-11-28,1900,29.7,73,0
1412,2020-11-28,2000,28.4,74,0.6
1413,2020-11-28,2100,27.5,77,0.1
1414,2020-11-28,2200,26.6,86,0.2
1415,2020-11-28,2300,24.7,92,2.4
1416,2020-11-29,0000,24.3,94,0.3
1417,2020-11-29,0100,23.8,93,0
1418,2020-11-29,0200,23.9,94,0
1419,2020-11-29,0300,23.9,94,0
1420,2020-11-29,0400,23.9,94,0
1421,2020-11-29,0500,24.1,95,0
1422,2020-11-29,0600,24.3,94,0
1423,2020-11-29,0700,24.3,94,0
1424,2020-11-29,0800,24.2,94,0
1425,2020-11-29,0900,24.2,94,0
1426,2020-11-29,1000,25.1,94,0.1
1427,2020-11-29,1100,27.3,86,0.4
1428,2020-11-29,1200,29.4,79,0.8
1429,2020-11-29,1300,29.5,75,0.8
1430,2020-11-29,1400,29.7,73,2.8
1431,2020-11-29,1500,32.2,69,1.3
1432,2020-11-29,1600,31.4,67,1.5
1433,2020-11-29,1700,31.3,64,0.6
1434,2020-11-29,1800,29.3,76,0.6
1435,2020-11-29,1900,25.8,89,1.2
1436,2020-11-29,2000,26.6,88,0.3
1437,2020-11-29,2100,26.4,87,0.4
1438,2020-11-29,2200,26.2,87,0.4
1439,2020-11-29,2300,,,
1440,2020-11-30,0000,26.2,88,0.2
1441,2020-11-30,0100,26.2,87,0.1
1442,2020-11-30,0200,25.7,90,0.1
1443,2020-11-30,0300,25.3,91,0.2
1444,2020-11-30,0400,25.3,92,0.1
1445,2020-11-30,0500,25.1,91,0.2
1446,2020-11-30,0600,24.7,93,0.7
1447,2020-11-30,0700,24.6,93,0
1448,2020-11-30,0800,24.5,93,0.1
1449,2020-11-30,0900,24.3,94,0
1450,2020-11-30,1000,25,93,0
1451,2020-11-30,1100,27.4,84,0.6
1452,2020-11-30,1200,29.8,72,0.7
1453,2020-11-30,1300,31.6,62,0.7
1454,2020-11-30,1400,32.3,62,1.1
1455,2020-11-30,1500,32.5,58,2
1456,2020-11-30,1600,32.7,55,2.3
1457,2020-11-30,1700,31.8,58,1.6
1458,2020-11-30,1800,31.1,67,0.7
1459,2020-11-30,1900,31.5,68,1
1460,2020-11-30,2000,31,67,1.1
1461,2020-11-30,2100,28.8,74,1
1462,2020-11-30,2200,27.5,73,0.5
1463,2020-11-30,2300,27.4,80,0.5
1464,2020-12-01,0000,25.3,90,2.9
1465,2020-12-01,0100,25,92,1.1
1466,2020-12-01,0200,24.6,92,0.6
1467,2020-12-01,0300,24.3,92,1.1
1468,2020-12-01,0400,24.5,93,0.3
1469,2020-12-01,0500,24.8,94,0.1
1470,2020-12-01,0600,25,92,0
1471,2020-12-01,0700,24.7,93,0
1472,2020-12-01,0800,24.4,94,0
1473,2020-12-01,0900,24.5,94,0
1474,2020-12-01,1000,25.3,94,0.2
1475,2020-12-01,1100,26.9,87,1.5
1476,2020-12-01,1200,28.8,77,2.2
1477,2020-12-01,1300,29.8,76,3
1478,2020-12-01,1400,30.7,69,2.5
1479,2020-12-01,1500,30.6,69,2.6
1480,2020-12-01,1600,31.7,64,2
1481,2020-12-01,1700,32.3,61,1.6
1482,2020-12-01,1800,32.4,58,1.1
1483,2020-12-01,1900,31.7,64,0.7
1484,2020-12-01,2000,28.7,77,1.8
1485,2020-12-01,2100,27.9,74,1.1
1486,2020-12-01,2200,26.6,78,0.5
1487,2020-12-01,2300,25.5,82,0.9
1488,2020-12-02,0000,25.2,86,0
1489,2020-12-02,0100,25.4,84,0.3
1490,2020-12-02,0200,25.7,85,0.1
1491,2020-12-02,0300,25.7,86,0.5
1492,2020-12-02,0400,25,89,0
1493,2020-12-02,0500,25.4,88,0.1
1494,2020-12-02,0600,25,90,0.1
1495,2020-12-02,0700,24.5,92,0.6
1496,2020-12-02,0800,24.3,93,0
1497,2020-12-02,0900,24.2,94,0.1
1498,2020-12-02,1000,25.2,92,1
1499,2020-12-02,1100,27.5,81,2
1500,2020-12-02,1200,29.7,71,2.6
1501,2020-12-02,1300,30.1,67,1.2
1502,2020-12-02,1400,32.3,59,2.1
1503,2020-12-02,1500,31.8,62,1.5
1504,2020-12-02,1600,32.8,58,2.4
1505,2020-12-02,1700,33.4,57,1.1
1506,2020-12-02,1800,28.6,78,2
1507,2020-12-02,1900,28.4,72,0.6
1508,2020-12-02,2000,24.9,93,0
1509,2020-12-02,2100,25.4,93,0
1510,2020-12-02,2200,25.3,93,0.1
1511,2020-12-02,2300,26.3,83,0.2
1512,2020-12-03,0000,26.6,79,0.4
1513,2020-12-03,0100,26.1,81,0.2
1514,2020-12-03,0200,25.5,84,0.4
1515,2020-12-03,0300,25.4,86,0.1
1516,2020-12-03,0400,25.5,84,0.2
1517,2020-12-03,0500,24.9,88,0
1518,2020-12-03,0600,24.2,92,0
1519,2020-12-03,0700,23.9,93,0
1520,2020-12-03,0800,23.7,93,0
1521,2020-12-03,0900,23.7,94,0
1522,2020-12-03,1000,24.7,93,0
1523,2020-12-03,1100,27.9,79,0.5
1524,2020-12-03,1200,30.4,69,1.7
1525,2020-12-03,1300,30.4,64,1.1
1526,2020-12-03,1400,31.4,59,0.8
1527,2020-12-03,1500,32.4,56,0.7
1528,2020-12-03,1600,31.4,61,1.6
1529,2020-12-03,1700,33.7,52,1.2
1530,2020-12-03,1800,29.4,64,2
1531,2020-12-03,1900,30.4,64,0.2
1532,2020-12-03,2000,30.3,68,0.5
1533,2020-12-03,2100,29.7,67,0.2
1534,2020-12-03,2200,28.9,67,0.3
1535,2020-12-03,2300,27.9,73,0.3
1536,2020-12-04,0000,27.2,74,0.3
1537,2020-12-04,0100,26.5,77,0.3
1538,2020-12-04,0200,25.9,81,0.7
1539,2020-12-04,0300,25.2,86,0.1
1540,2020-12-04,0400,25,89,0.2
1541,2020-12-04,0500,24.5,91,0
1542,2020-12-04,0600,24.2,92,0.1
1543,2020-12-04,0700,24.1,93,0
1544,2020-12-04,0800,23.7,93,0
1545,2020-12-04,0900,23.5,94,0
1546,2020-12-04,1000,24.9,93,0.7
1547,2020-12-04,1100,27.1,81,1.2
1548,2020-12-04,1200,29.4,72,1.9
1549,2020-12-04,1300,30.4,64,3.1
1550,2020-12-04,1400,31.4,61,2.5
1551,2020-12-04,1500,32.7,57,2.8
1552,2020-12-04,1600,32.8,55,2.8
1553,2020-12-04,1700,33.6,55,2.6
1554,2020-12-04,1800,32,58,2.2
1555,2020-12-04,1900,31.5,65,1.4
1556,2020-12-04,2000,30.9,68,1.7
1557,2020-12-04,2100,29.5,71,1.2
1558,2020-12-04,2200,28.6,78,1.1
1559,2020-12-04,2300,28.3,75,0.8
1560,2020-12-05,0000,27.6,77,0.2
1561,2020-12-05,0100,27.1,79,0.2
1562,2020-12-05,0200,26.9,80,0.3
1563,2020-12-05,0300,26.5,82,0.1
1564,2020-12-05,0400,26.5,83,0.2
1565,2020-12-05,0500,26.3,83,0.1
1566,2020-12-05,0600,26.1,86,0
1567,2020-12-05,0700,25.7,88,0
1568,2020-12-05,0800,25.7,88,0.2
1569,2020-12-05,0900,25.3,90,0.4
1570,2020-12-05,1000,26.3,85,0.2
1571,2020-12-05,1100,28.6,76,1
1572,2020-12-05,1200,30.3,69,1.3
1573,2020-12-05,1300,30.8,66,1.4
1574,2020-12-05,1400,30.9,65,1.3
1575,2020-12-05,1500,31.6,65,1.8
1576,2020-12-05,1600,33.2,59,2.1
1577,2020-12-05,1700,30.8,68,0.7
1578,2020-12-05,1800,28.8,78,1.1
1579,2020-12-05,1900,30,79,0.4
1580,2020-12-05,2000,30.2,72,0.2
1581,2020-12-05,2100,28.6,80,0.7
1582,2020-12-05,2200,27.4,84,0
1583,2020-12-05,2300,27.6,79,0.3
1584,2020-12-06,0000,27.2,80,0.1
1585,2020-12-06,0100,26.8,81,0.2
1586,2020-12-06,0200,26.4,83,0.1
1587,2020-12-06,0300,26,85,0.3
1588,2020-12-06,0400,25.5,88,0.1
1589,2020-12-06,0500,25.2,90,0
1590,2020-12-06,0600,25.1,90,0
1591,2020-12-06,0700,24.9,91,0
1592,2020-12-06,0800,24.8,91,0
1593,2020-12-06,0900,24.6,91,0
1594,2020-12-06,1000,25.8,86,0
1595,2020-12-06,1100,28,76,0.4
1596,2020-12-06,1200,29.1,71,1.3
1597,2020-12-06,1300,30.8,65,0.9
1598,2020-12-06,1400,32.2,63,1.3
1599,2020-12-06,1500,31.6,62,1.6
1600,2020-12-06,1600,32,64,2.5
1601,2020-12-06,1700,32.2,60,1
1602,2020-12-06,1800,27.3,86,0
1603,2020-12-06,1900,26.7,83,0.2
1604,2020-12-06,2000,27.5,79,0
1605,2020-12-06,2100,27.7,81,0.2
1606,2020-12-06,2200,26.8,84,0
1607,2020-12-06,2300,26.9,78,0.1
1608,2020-12-07,0000,26.1,82,0.1
1609,2020-12-07,0100,25.8,83,0.1
1610,2020-12-07,0200,25.6,85,0.2
1611,2020-12-07,0300,25.1,88,0
1612,2020-12-07,0400,24.9,89,0
1613,2020-12-07,0500,24.5,91,0
1614,2020-12-07,0600,24.3,92,0
1615,2020-12-07,0700,24.5,90,0
1616,2020-12-07,0800,24,92,0
1617,2020-12-07,0900,23.9,93,0
1618,2020-12-07,1000,24.4,93,0
1619,2020-12-07,1100,26.7,84,0.5
1620,2020-12-07,1200,29.6,75,1.4
1621,2020-12-07,1300,29.7,68,2.5
1622,2020-12-07,1400,31.8,65,1.4
1623,2020-12-07,1500,32.6,58,1.7
1624,2020-12-07,1600,31.5,58,2.1
1625,2020-12-07,1700,33.1,52,1.7
1626,2020-12-07,1800,31.1,67,1.2
1627,2020-12-07,1900,28.2,73,1.5
1628,2020-12-07,2000,24.9,91,0.3
1629,2020-12-07,2100,24.9,90,0.9
1630,2020-12-07,2200,24.8,89,0.1
1631,2020-12-07,2300,25.4,90,0.1
1632,2020-12-08,0000,25.8,88,0.2
1633,2020-12-08,0100,26.2,84,0
1634,2020-12-08,0200,25.8,88,0.3
1635,2020-12-08,0300,25.6,90,0
1636,2020-12-08,0400,25.2,92,0.8
1637,2020-12-08,0500,25.5,90,0.1
1638,2020-12-08,0600,25,92,0
1639,2020-12-08,0700,24.4,93,0
1640,2020-12-08,0800,24.3,93,0
1641,2020-12-08,0900,24.2,93,0
1642,2020-12-08,1000,24.8,93,0
1643,2020-12-08,1100,26.5,89,0.1
1644,2020-12-08,1200,28.4,78,1
1645,2020-12-08,1300,28.8,74,0.8
1646,2020-12-08,1400,29.4,74,0.6
1647,2020-12-08,1500,31.1,66,1.8
1648,2020-12-08,1600,31.6,63,0.8
1649,2020-12-08,1700,30.7,71,1.6
1650,2020-12-08,1800,32,57,1.4
1651,2020-12-08,1900,28.4,73,1.5
1652,2020-12-08,2000,28.6,75,1.3
1653,2020-12-08,2100,27.6,77,1.3
1654,2020-12-08,2200,27.5,79,0.5
1655,2020-12-08,2300,27.1,81,0.1
1656,2020-12-09,0000,26.8,81,0.5
1657,2020-12-09,0100,26.3,83,0.7
1658,2020-12-09,0200,26.1,84,0.4
1659,2020-12-09,0300,25.7,88,0.2
1660,2020-12-09,0400,25.5,88,0
1661,2020-12-09,0500,25.3,90,0.3
1662,2020-12-09,0600,25.1,90,0.9
1663,2020-12-09,0700,24.8,93,0.8
1664,2020-12-09,0800,24.5,92,0.6
1665,2020-12-09,0900,24.1,92,0
1666,2020-12-09,1000,24.3,91,0
1667,2020-12-09,1100,26,85,0
1668,2020-12-09,1200,28.4,74,0.5
1669,2020-12-09,1300,29.2,75,0.3
1670,2020-12-09,1400,30,67,0.7
1671,2020-12-09,1500,29.3,70,1.4
1672,2020-12-09,1600,28.7,80,1.3
1673,2020-12-09,1700,31,66,0.6
1674,2020-12-09,1800,29,71,0.4
1675,2020-12-09,1900,29.1,72,1
1676,2020-12-09,2000,29.4,68,1.1
1677,2020-12-09,2100,27.3,82,1.8
1678,2020-12-09,2200,26.2,89,0.3
1679,2020-12-09,2300,,,
1680,2020-12-10,0000,26,88,1.1
1681,2020-12-10,0100,26.3,81,0.8
1682,2020-12-10,0200,25.8,83,0.3
1683,2020-12-10,0300,25.3,87,0.3
1684,2020-12-10,0400,24.8,90,0.1
1685,2020-12-10,0500,24.4,92,0.2
1686,2020-12-10,0600,24.3,93,0.5
1687,2020-12-10,0700,24.2,94,0
1688,2020-12-10,0800,24.1,94,0
1689,2020-12-10,0900,23.7,94,0
1690,2020-12-10,1000,24.1,95,0.9
1691,2020-12-10,1100,26,88,0
1692,2020-12-10,1200,29.3,73,1
1693,2020-12-10,1300,29.6,71,1.8
1694,2020-12-10,1400,32.1,62,1.6
1695,2020-12-10,1500,32.4,53,0.6
1696,2020-12-10,1600,33.5,50,2.7
1697,2020-12-10,1700,33.9,50,1.5
1698,2020-12-10,1800,32.2,51,1.1
1699,2020-12-10,1900,30.9,58,1.1
1700,2020-12-10,2000,27.9,65,1.4
1701,2020-12-10,2100,28,72,0.3
1702,2020-12-10,2200,29.1,64,0.3
1703,2020-12-10,2300,28.2,68,0.2
1704,2020-12-11,0000,27,75,0.7
1705,2020-12-11,0100,26.1,79,0.5
1706,2020-12-11,0200,25.3,84,0.2
1707,2020-12-11,0300,24.8,87,0.2
1708,2020-12-11,0400,24.5,89,0.3
1709,2020-12-11,0500,23.9,92,0
1710,2020-12-11,0600,23.8,92,0.1
1711,2020-12-11,0700,23.6,93,0.1
1712,2020-12-11,0800,23.4,94,0.2
1713,2020-12-11,0900,23.4,94,0.5
1714,2020-12-11,1000,24.7,91,1.3
1715,2020-12-11,1100,26.8,80,1.8
1716,2020-12-11,1200,28.6,71,2.7
1717,2020-12-11,1300,30.3,62,2.5
1718,2020-12-11,1400,32,55,2.7
1719,2020-12-11,1500,32.3,51,3.2
1720,2020-12-11,1600,33.1,49,2.8
1721,2020-12-11,1700,32.9,53,2.4
1722,2020-12-11,1800,31.3,54,2.7
1723,2020-12-11,1900,32.6,49,1
1724,2020-12-11,2000,31.3,63,1.7
1725,2020-12-11,2100,29.6,69,1.1
1726,2020-12-11,2200,28.9,71,0
1727,2020-12-11,2300,28.5,69,1.4
1728,2020-12-12,0000,27.4,73,0.8
1729,2020-12-12,0100,26.5,77,0.8
1730,2020-12-12,0200,25.7,81,1.2
1731,2020-12-12,0300,25.4,84,0.8
1732,2020-12-12,0400,25,87,0.4
1733,2020-12-12,0500,24.7,89,0.4
1734,2020-12-12,0600,24.5,90,0.1
1735,2020-12-12,0700,24.6,90,0.4
1736,2020-12-12,0800,24.3,91,0.1
1737,2020-12-12,0900,24,92,0.1
1738,2020-12-12,1000,25.4,89,0.3
1739,2020-12-12,1100,27.9,75,1.6
1740,2020-12-12,1200,28.8,70,2.8
1741,2020-12-12,1300,30.8,65,3.1
1742,2020-12-12,1400,30.3,63,2.3
1743,2020-12-12,1500,32.7,58,0.8
1744,2020-12-12,1600,32.5,58,1.2
1745,2020-12-12,1700,33.1,56,2.3
1746,2020-12-12,1800,33.1,58,1.7
1747,2020-12-12,1900,31.9,62,2
1748,2020-12-12,2000,28.6,60,1.4
1749,2020-12-12,2100,27.8,69,1
1750,2020-12-12,2200,27,76,0.6
1751,2020-12-12,2300,26.9,80,0.4
1752,2020-12-13,0000,26.1,83,0.8
1753,2020-12-13,0100,26,85,0.4
1754,2020-12-13,0200,25.8,87,0.3
1755,2020-12-13,0300,25.5,89,0.7
1756,2020-12-13,0400,25.6,89,0.3
1757,2020-12-13,0500,25.4,90,0.1
1758,2020-12-13,0600,24.9,92,0.3
1759,2020-12-13,0700,24.5,93,0.2
1760,2020-12-13,0800,24.2,94,0
1761,2020-12-13,0900,24,94,0
1762,2020-12-13,1000,25.4,92,0.1
1763,2020-12-13,1100,27.7,78,0.6
1764,2020-12-13,1200,30.1,68,1.4
1765,2020-12-13,1300,31.2,61,1.8
1766,2020-12-13,1400,31.9,58,1.5
1767,2020-12-13,1500,33.2,57,1
1768,2020-12-13,1600,31.9,54,2.2
1769,2020-12-13,1700,31.9,58,0.7
1770,2020-12-13,1800,32.2,58,1.4
1771,2020-12-13,1900,28.8,69,1.3
1772,2020-12-13,2000,29.5,73,1.6
1773,2020-12-13,2100,27.6,78,1.1
1774,2020-12-13,2200,27,83,0
1775,2020-12-13,2300,26.2,92,0
1776,2020-12-14,0000,,,
1777,2020-12-14,0100,26.1,88,0.1
1778,2020-12-14,0200,26,85,0.1
1779,2020-12-14,0300,26,84,0.1
1780,2020-12-14,0400,25.8,87,0
1781,2020-12-14,0500,26,88,0.2
1782,2020-12-14,0600,25.5,89,0.1
1783,2020-12-14,0700,24.9,92,0.3
1784,2020-12-14,0800,24.6,92,0.1
1785,2020-12-14,0900,24.4,93,0.1
1786,2020-12-14,1000,25.5,92,0.2
1787,2020-12-14,1100,28.5,76,0.5
1788,2020-12-14,1200,30.6,68,1.2
1789,2020-12-14,1300,31,67,2.2
1790,2020-12-14,1400,32.1,58,1.7
1791,2020-12-14,1500,33.2,59,1.7
1792,2020-12-14,1600,32.4,54,2.3
1793,2020-12-14,1700,31.5,60,1.1
1794,2020-12-14,1800,26.4,73,2.6
1795,2020-12-14,1900,26.6,77,0.2
1796,2020-12-14,2000,26.5,78,0.2
1797,2020-12-14,2100,26.6,84,0.3
1798,2020-12-14,2200,25.7,88,1.4
1799,2020-12-14,2300,25.5,93,1.9
1800,2020-12-15,0000,22.6,93,1.7
1801,2020-12-15,0100,22.7,94,0.5
1802,2020-12-15,0200,22.9,94,0
1803,2020-12-15,0300,23.1,94,0
1804,2020-12-15,0400,23.2,94,0
1805,2020-12-15,0500,23.5,94,0
1806,2020-12-15,0600,23.4,94,0
1807,2020-12-15,0700,23.5,94,0
1808,2020-12-15,0800,23.6,94,0
1809,2020-12-15,0900,23.5,95,0
1810,2020-12-15,1000,24,94,0
1811,2020-12-15,1100,26.6,86,0.2
1812,2020-12-15,1200,29,74,0.6
1813,2020-12-15,1300,30.1,70,0.7
1814,2020-12-15,1400,29.9,66,1.5
1815,2020-12-15,1500,29.7,70,1.8
1816,2020-12-15,1600,32.4,61,1.3
1817,2020-12-15,1700,28.5,72,1.2
1818,2020-12-15,1800,28.4,72,1.8
1819,2020-12-15,1900,26.3,92,0.4
1820,2020-12-15,2000,26.3,91,0
1821,2020-12-15,2100,26,92,0.1
1822,2020-12-15,2200,25.3,93,0.4
1823,2020-12-15,2300,24.9,94,0.4
1824,2020-12-16,0000,24.7,93,1.3
1825,2020-12-16,0100,22.5,90,3.8
1826,2020-12-16,0200,22.7,90,1
1827,2020-12-16,0300,22.5,94,0.2
1828,2020-12-16,0400,22.9,94,0
1829,2020-12-16,0500,22.8,94,0
1830,2020-12-16,0600,22.8,95,0.2
1831,2020-12-16,0700,22.6,93,1.3
1832,2020-12-16,0800,22.7,93,0.5
1833,2020-12-16,0900,22.6,94,0
1834,2020-12-16,1000,23.7,93,0.2
1835,2020-12-16,1100,25.9,87,1.2
1836,2020-12-16,1200,29.5,75,1.7
1837,2020-12-16,1300,31.4,66,1.5
1838,2020-12-16,1400,31.2,52,1.9
1839,2020-12-16,1500,30.4,65,0.6
1840,2020-12-16,1600,32.4,62,1.5
1841,2020-12-16,1700,33.4,57,1.1
1842,2020-12-16,1800,30.9,66,1.9
1843,2020-12-16,1900,24.9,90,0.7
1844,2020-12-16,2000,24.7,90,0.3
1845,2020-12-16,2100,24.5,92,0.3
1846,2020-12-16,2200,24.6,93,0
1847,2020-12-16,2300,24.3,93,0.2
1848,2020-12-17,0000,24.4,93,0
1849,2020-12-17,0100,24.2,94,0
1850,2020-12-17,0200,24.1,94,0
1851,2020-12-17,0300,24,94,0
1852,2020-12-17,0400,24,94,0
1853,2020-12-17,0500,23.8,94,0
1854,2020-12-17,0600,23.7,95,0
1855,2020-12-17,0700,23.5,95,0
1856,2020-12-17,0800,23.4,95,0
1857,2020-12-17,0900,23.4,95,0
1858,2020-12-17,1000,24.3,95,0.1
1859,2020-12-17,1100,26.7,88,0.2
1860,2020-12-17,1200,29,75,1.4
1861,2020-12-17,1300,29.9,71,2.7
1862,2020-12-17,1400,30.9,63,2.7
1863,2020-12-17,1500,31.3,63,2.5
1864,2020-12-17,1600,32.7,60,2.6
1865,2020-12-17,1700,29.9,68,1.4
1866,2020-12-17,1800,26.7,88,0.2
1867,2020-12-17,1900,27.4,80,0.4
1868,2020-12-17,2000,27.3,83,0
1869,2020-12-17,2100,27.1,83,0
1870,2020-12-17,2200,26.4,91,0
1871,2020-12-17,2300,24.7,93,0
1872,2020-12-18,0000,24.4,94,0
1873,2020-12-18,0100,24.9,94,0
1874,2020-12-18,0200,24.8,93,0.2
1875,2020-12-18,0300,24.9,92,0.2
1876,2020-12-18,0400,25.1,92,0.1
1877,2020-12-18,0500,24.9,91,0
1878,2020-12-18,0600,24.4,93,0.1
1879,2020-12-18,0700,24.2,93,0
1880,2020-12-18,0800,23.9,94,0
1881,2020-12-18,0900,23.9,94,0
1882,2020-12-18,1000,24.5,94,0
1883,2020-12-18,1100,25.9,91,0.6
1884,2020-12-18,1200,27.3,85,1.1
1885,2020-12-18,1300,29.7,72,1.1
1886,2020-12-18,1400,32.1,61,1.7
1887,2020-12-18,1500,31.1,60,0.9
1888,2020-12-18,1600,32.8,58,1.7
1889,2020-12-18,1700,26.4,90,0.6
1890,2020-12-18,1800,30.4,73,0.4
1891,2020-12-18,1900,28.8,75,0.8
1892,2020-12-18,2000,26,92,0
1893,2020-12-18,2100,26,94,0
1894,2020-12-18,2200,25.7,94,0.2
1895,2020-12-18,2300,25.8,92,0.1
1896,2020-12-19,0000,26,88,0.1
1897,2020-12-19,0100,25.5,90,0.1
1898,2020-12-19,0200,25.3,90,0
1899,2020-12-19,0300,24.9,92,0
1900,2020-12-19,0400,24.5,94,0
1901,2020-12-19,0500,24.3,94,0
1902,2020-12-19,0600,24.1,95,0
1903,2020-12-19,0700,24,95,0
1904,2020-12-19,0800,23.9,95,0
1905,2020-12-19,0900,23.9,95,0
1906,2020-12-19,1000,24.3,95,0
1907,2020-12-19,1100,26.1,90,0.8
1908,2020-12-19,1200,28.7,77,1.2
1909,2020-12-19,1300,29.3,75,1.3
1910,2020-12-19,1400,30.9,62,2.1
1911,2020-12-19,1500,31.4,58,1.4
1912,2020-12-19,1600,32,56,3
1913,2020-12-19,1700,32.9,58,2.5
1914,2020-12-19,1800,32.3,56,0.5
1915,2020-12-19,1900,30.9,66,1
1916,2020-12-19,2000,28,81,0.7
1917,2020-12-19,2100,26.8,81,0.4
1918,2020-12-19,2200,26,89,0.1
1919,2020-12-19,2300,25.8,89,0.1
1920,2020-12-20,0000,25.5,91,0.1
1921,2020-12-20,0100,25.6,89,0.1
1922,2020-12-20,0200,25.5,90,0
1923,2020-12-20,0300,25.4,87,0.4
1924,2020-12-20,0400,25.4,88,0
1925,2020-12-20,0500,25.4,86,0.4
1926,2020-12-20,0600,24.7,90,0
1927,2020-12-20,0700,24,93,0
1928,2020-12-20,0800,24,93,0
1929,2020-12-20,0900,23.6,94,0
1930,2020-12-20,1000,24.5,94,0.2
1931,2020-12-20,1100,27.5,78,0.9
1932,2020-12-20,1200,30,65,0.7
1933,2020-12-20,1300,30.6,65,1.8
1934,2020-12-20,1400,31.6,53,0.8
1935,2020-12-20,1500,32.5,55,2.3
1936,2020-12-20,1600,30.8,57,1.4
1937,2020-12-20,1700,31.6,62,1.7
1938,2020-12-20,1800,27.3,87,1.9
1939,2020-12-20,1900,29.5,70,1.4
1940,2020-12-20,2000,24.2,93,0.5
1941,2020-12-20,2100,24.4,93,0
1942,2020-12-20,2200,24.5,94,0
1943,2020-12-20,2300,24.5,95,0
1944,2020-12-21,0000,24.7,94,0.2
1945,2020-12-21,0100,25.2,89,0.3
1946,2020-12-21,0200,25,88,0.1
1947,2020-12-21,0300,24.8,89,0.4
1948,2020-12-21,0400,24.6,90,0.5
1949,2020-12-21,0500,24.5,90,0.2
1950,2020-12-21,0600,24,91,0.2
1951,2020-12-21,0700,23.9,93,0
1952,2020-12-21,0800,23.6,93,0
1953,2020-12-21,0900,23.2,94,0
1954,2020-12-21,1000,24,95,0
1955,2020-12-21,1100,26.7,84,0.2
1956,2020-12-21,1200,29.8,69,0.8
1957,2020-12-21,1300,30.7,63,1
1958,2020-12-21,1400,31.6,60,2
1959,2020-12-21,1500,32.3,57,1.3
1960,2020-12-21,1600,32.3,58,1.2
1961,2020-12-21,1700,32.5,55,1.7
1962,2020-12-21,1800,30.7,65,1.2
1963,2020-12-21,1900,30.9,64,1.9
1964,2020-12-21,2000,30.2,61,1
1965,2020-12-21,2100,28.9,64,0.8
1966,2020-12-21,2200,28.2,68,2.1
1967,2020-12-21,2300,27.2,72,1.5
1968,2020-12-22,0000,26.5,75,0.2
1969,2020-12-22,0100,26.2,76,0.6
1970,2020-12-22,0200,25.5,79,0.1
1971,2020-12-22,0300,24.6,85,0
1972,2020-12-22,0400,24.1,89,0
1973,2020-12-22,0500,23.9,91,0
1974,2020-12-22,0600,23.5,93,0
1975,2020-12-22,0700,23.1,94,0
1976,2020-12-22,0800,23,95,0
1977,2020-12-22,0900,22.9,95,0
1978,2020-12-22,1000,23.7,95,0
1979,2020-12-22,1100,27.2,78,1.2
1980,2020-12-22,1200,29.5,68,1.8
1981,2020-12-22,1300,30.9,62,2.1
1982,2020-12-22,1400,31,62,2.2
1983,2020-12-22,1500,30.3,66,1.3
1984,2020-12-22,1600,32,56,1.6
1985,2020-12-22,1700,30.9,65,1.9
1986,2020-12-22,1800,27.5,79,1.2
1987,2020-12-22,1900,29.9,70,1.1
1988,2020-12-22,2000,29.3,69,1.3
1989,2020-12-22,2100,28.2,73,1.7
1990,2020-12-22,2200,26.7,76,0.9
1991,2020-12-22,2300,27,77,0.4
1992,2020-12-23,0000,25.8,81,0.7
1993,2020-12-23,0100,25.9,81,0.1
1994,2020-12-23,0200,24.8,89,0.1
1995,2020-12-23,0300,24.4,92,0
1996,2020-12-23,0400,23.9,93,0.1
1997,2020-12-23,0500,23.9,93,0.2
1998,2020-12-23,0600,23.6,93,0.1
1999,2020-12-23,0700,23.4,93,0
2000,2020-12-23,0800,23.2,94,0.1
2001,2020-12-23,0900,23.2,94,0.1
2002,2020-12-23,1000,24.5,91,0.5
2003,2020-12-23,1100,26.1,84,1.4
2004,2020-12-23,1200,28.9,73,1
2005,2020-12-23,1300,30.6,64,1.1
2006,2020-12-23,1400,32.1,55,1.6
2007,2020-12-23,1500,31.8,56,1.6
2008,2020-12-23,1600,32,57,2.4
2009,2020-12-23,1700,31.3,57,2.3
2010,2020-12-23,1800,31.1,63,1.3
2011,2020-12-23,1900,28,80,1.5
2012,2020-12-23,2000,30.7,68,0.8
2013,2020-12-23,2100,28.6,71,1.2
2014,2020-12-23,2200,26.5,86,0.6
2015,2020-12-23,2300,27,81,1.2
2016,2020-12-24,0000,26.7,83,0.2
2017,2020-12-24,0100,26.7,81,0.4
2018,2020-12-24,0200,26.1,84,0.6
2019,2020-12-24,0300,26.1,85,0.6
2020,2020-12-24,0400,25.8,86,0.4
2021,2020-12-24,0500,25.3,91,0
2022,2020-12-24,0600,25.2,93,0
2023,2020-12-24,0700,25,93,0
2024,2020-12-24,0800,24.9,94,0
2025,2020-12-24,0900,24.9,93,0
2026,2020-12-24,1000,25.5,89,0.1
2027,2020-12-24,1100,26.4,85,0.4
2028,2020-12-24,1200,28.1,78,0.7
2029,2020-12-24,1300,29,73,0.3
2030,2020-12-24,1400,29.5,70,1.6
2031,2020-12-24,1500,32.1,62,1.6
2032,2020-12-24,1600,32.6,59,1.6
2033,2020-12-24,1700,30.6,67,1.8
2034,2020-12-24,1800,26.2,90,1.8
2035,2020-12-24,1900,25.2,92,0.9
2036,2020-12-24,2000,25.3,92,0.2
2037,2020-12-24,2100,25.6,91,0.4
2038,2020-12-24,2200,25.2,92,0.4
2039,2020-12-24,2300,25.3,91,0.2
2040,2020-12-25,0000,25.5,91,0.1
2041,2020-12-25,0100,25.5,90,0.2
2042,2020-12-25,0200,25.3,91,0
2043,2020-12-25,0300,25.1,92,0
2044,2020-12-25,0400,25.1,92,0
2045,2020-12-25,0500,25.1,92,0.1
2046,2020-12-25,0600,25,92,0.2
2047,2020-12-25,0700,24.9,93,0.1
2048,2020-12-25,0800,24.4,93,0
2049,2020-12-25,0900,24.3,94,0
2050,2020-12-25,1000,24.7,94,0.2
2051,2020-12-25,1100,27.1,82,0.7
2052,2020-12-25,1200,29.7,70,1.8
2053,2020-12-25,1300,29.8,64,1
2054,2020-12-25,1400,31.7,58,2
2055,2020-12-25,1500,29.1,67,2.6
2056,2020-12-25,1600,30.7,63,1.9
2057,2020-12-25,1700,26.8,90,0.6
2058,2020-12-25,1800,27.1,89,0.1
2059,2020-12-25,1900,29.2,70,1.4
2060,2020-12-25,2000,28.3,77,1.6
2061,2020-12-25,2100,25.2,93,0.1
2062,2020-12-25,2200,25.4,94,0
2063,2020-12-25,2300,25.1,94,0.7
2064,2020-12-26,0000,24.8,95,0.1
2065,2020-12-26,0100,24.8,91,0
2066,2020-12-26,0200,24.7,92,0
2067,2020-12-26,0300,24.7,93,0
2068,2020-12-26,0400,24.4,93,0
2069,2020-12-26,0500,24.4,92,0
2070,2020-12-26,0600,24.3,92,0
2071,2020-12-26,0700,24.1,93,0
2072,2020-12-26,0800,24.1,93,0
2073,2020-12-26,0900,24.2,93,0
2074,2020-12-26,1000,24.5,94,0
2075,2020-12-26,1100,25.7,91,0.2
2076,2020-12-26,1200,27.4,84,1.2
2077,2020-12-26,1300,28.5,77,1.9
2078,2020-12-26,1400,29.7,71,1.9
2079,2020-12-26,1500,29.8,66,2.9
2080,2020-12-26,1600,30.2,66,1.5
2081,2020-12-26,1700,30.4,66,2.7
2082,2020-12-26,1800,30.5,67,1.7
2083,2020-12-26,1900,30.9,60,0.3
2084,2020-12-26,2000,27.8,67,0.7
2085,2020-12-26,2100,27.5,68,0.2
2086,2020-12-26,2200,25.4,79,1.5
2087,2020-12-26,2300,25.4,82,0.8
2088,2020-12-27,0000,24.9,80,1.2
2089,2020-12-27,0100,24.2,85,0.6
2090,2020-12-27,0200,24.2,89,0.6
2091,2020-12-27,0300,24.4,88,0.2
2092,2020-12-27,0400,24.5,88,0.1
2093,2020-12-27,0500,24.6,86,0.6
2094,2020-12-27,0600,24.5,87,0.9
2095,2020-12-27,0700,24.4,88,0.4
2096,2020-12-27,0800,24.4,88,1
2097,2020-12-27,0900,24.3,89,0
2098,2020-12-27,1000,24.8,89,0.2
2099,2020-12-27,1100,25.9,83,1.4
2100,2020-12-27,1200,27.1,81,1.1
2101,2020-12-27,1300,30.3,73,2.7
2102,2020-12-27,1400,31.9,59,2.1
2103,2020-12-27,1500,30.3,63,2.5
2104,2020-12-27,1600,32.3,58,2.8
2105,2020-12-27,1700,32,58,3.4
2106,2020-12-27,1800,31.4,59,2.4
2107,2020-12-27,1900,30.5,63,2.9
2108,2020-12-27,2000,31.1,59,1
2109,2020-12-27,2100,30.2,64,0.3
2110,2020-12-27,2200,23.6,91,3
2111,2020-12-27,2300,24.6,94,0
2112,2020-12-28,0000,24.7,94,0
2113,2020-12-28,0100,24.9,95,0
2114,2020-12-28,0200,25.1,95,0
2115,2020-12-28,0300,25,95,0
2116,2020-12-28,0400,24.9,95,0
2117,2020-12-28,0500,24.9,95,0
2118,2020-12-28,0600,24.7,95,0
2119,2020-12-28,0700,24.5,95,0
2120,2020-12-28,0800,24.1,95,0.1
2121,2020-12-28,0900,23.9,95,0
2122,2020-12-28,1000,24.5,95,0
2123,2020-12-28,1100,27.1,84,1.2
2124,2020-12-28,1200,29.6,72,1.7
2125,2020-12-28,1300,30.5,66,3
2126,2020-12-28,1400,31.1,62,2.9
2127,2020-12-28,1500,32.5,59,1.9
2128,2020-12-28,1600,32.6,59,2.7
2129,2020-12-28,1700,33.1,56,1.3
2130,2020-12-28,1800,32.8,55,2
2131,2020-12-28,1900,32.1,62,1.1
2132,2020-12-28,2000,32.1,63,1.7
2133,2020-12-28,2100,26.9,83,0.8
2134,2020-12-28,2200,25.9,90,0.1
2135,2020-12-28,2300,26.1,85,0.8
2136,2020-12-29,0000,26.1,84,0.2
2137,2020-12-29,0100,26.2,82,0.3
2138,2020-12-29,0200,26.1,82,0
2139,2020-12-29,0300,25.5,87,0.4
2140,2020-12-29,0400,24.9,90,0.1
2141,2020-12-29,0500,24.6,91,0
2142,2020-12-29,0600,24.2,93,0
2143,2020-12-29,0700,24,94,0.1
2144,2020-12-29,0800,23.8,94,0
2145,2020-12-29,0900,23.6,95,0
2146,2020-12-29,1000,24.5,94,0
2147,2020-12-29,1100,27.2,82,0.7
2148,2020-12-29,1200,29.4,71,1.2
2149,2020-12-29,1300,31.1,63,1
2150,2020-12-29,1400,31.9,60,1
2151,2020-12-29,1500,30.8,62,2.1
2152,2020-12-29,1600,32.4,53,1.7
2153,2020-12-29,1700,32.1,56,1.5
2154,2020-12-29,1800,27.6,87,0.7
2155,2020-12-29,1900,31.4,66,1.8
2156,2020-12-29,2000,31,63,1.3
2157,2020-12-29,2100,23.3,95,0.1
2158,2020-12-29,2200,23.9,95,0
2159,2020-12-29,2300,24.3,95,0.1
2160,2020-12-30,0000,24.6,94,0
2161,2020-12-30,0100,24.6,94,0
2162,2020-12-30,0200,24.6,93,0.2
2163,2020-12-30,0300,24.3,93,0.2
2164,2020-12-30,0400,24.2,93,0.1
2165,2020-12-30,0500,24.2,93,0
2166,2020-12-30,0600,23.9,94,0
2167,2020-12-30,0700,23.6,94,0
2168,2020-12-30,0800,23.7,94,0.1
2169,2020-12-30,0900,23.6,95,0
2170,2020-12-30,1000,23.8,95,0
2171,2020-12-30,1100,26.8,85,0.8
2172,2020-12-30,1200,29.9,71,1.1
2173,2020-12-30,1300,29.5,69,1.4
2174,2020-12-30,1400,31.2,64,0.8
2175,2020-12-30,1500,32.1,57,1.4
2176,2020-12-30,1600,32.8,62,2.1
2177,2020-12-30,1700,26.3,85,2.5
2178,2020-12-30,1800,27.1,81,1.1
2179,2020-12-30,1900,29,71,1.6
2180,2020-12-30,2000,29.9,66,0.5
2181,2020-12-30,2100,28.2,75,0.6
2182,2020-12-30,2200,27.6,78,0.3
2183,2020-12-30,2300,27.2,80,0.2
2184,2020-12-31,0000,27.1,79,0.3
2185,2020-12-31,0100,26.3,83,0
2186,2020-12-31,0200,25.9,87,1.1
2187,2020-12-31,0300,25.5,89,0.2
2188,2020-12-31,0400,25,91,0
2189,2020-12-31,0500,24.5,93,0
2190,2020-12-31,0600,24.4,94,0
2191,2020-12-31,0700,24.4,94,0
2192,2020-12-31,0800,24.1,95,0
2193,2020-12-31,0900,24.1,95,0
2194,2020-12-31,1000,24.7,95,0
2195,2020-12-31,1100,26,91,0.1
2196,2020-12-31,1200,26.9,87,0.3
2197,2020-12-31,1300,28.2,79,0
2198,2020-12-31,1400,30.8,69,1.3
2199,2020-12-31,1500,32.2,58,0.8
2200,2020-12-31,1600,31.4,64,1.6
2201,2020-12-31,1700,28.3,74,1.4
2202,2020-12-31,1800,29.8,69,1.6
2203,2020-12-31,1900,29.3,67,1.3
2204,2020-12-31,2000,26.9,81,0.6
2205,2020-12-31,2100,27.2,75,0.4
2206,2020-12-31,2200,25.9,90,1.1
2207,2020-12-31,2300,25.6,84,0.1
2208,2021-01-01,0000,25,90,0
2209,2021-01-01,0100,24.9,89,0.2
2210,2021-01-01,0200,24.7,92,0
2211,2021-01-01,0300,24.9,90,0.2
2212,2021-01-01,0400,,,
2213,2021-01-01,0500,,,
2214,2021-01-01,0600,,,
2215,2021-01-01,0700,,,
2216,2021-01-01,0800,,,
2217,2021-01-01,0900,,,
2218,2021-01-01,1000,,,
2219,2021-01-01,1100,,,
2220,2021-01-01,1200,28.4,78,0.6
2221,2021-01-01,1300,,,
2222,2021-01-01,1400,,,
2223,2021-01-01,1500,,,
2224,2021-01-01,1600,,,
2225,2021-01-01,1700,,,
2226,2021-01-01,1800,,,
2227,2021-01-01,1900,,,
2228,2021-01-01,2000,,,
2229,2021-01-01,2100,,,
2230,2021-01-01,2200,,,
2231,2021-01-01,2300,,,
2232,2021-01-02,0000,,,
2233,2021-01-02,0100,,,
2234,2021-01-02,0200,24.8,95,0
2235,2021-01-02,0300,,,
2236,2021-01-02,0400,24.6,95,0
2237,2021-01-02,0500,,,
2238,2021-01-02,0600,,,
2239,2021-01-02,0700,,,
2240,2021-01-02,0800,,,
2241,2021-01-02,0900,,,
2242,2021-01-02,1000,,,
2243,2021-01-02,1100,,,
2244,2021-01-02,1200,,,
2245,2021-01-02,1300,,,
2246,2021-01-02,1400,,,
2247,2021-01-02,1500,,,
2248,2021-01-02,1600,33.5,57,2
2249,2021-01-02,1700,,,
2250,2021-01-02,1800,,,
2251,2021-01-02,1900,,,
2252,2021-01-02,2000,,,
2253,2021-01-02,2100,,,
2254,2021-01-02,2200,,,
2255,2021-01-02,2300,,,
2256,2021-01-03,0000,,,
2257,2021-01-03,0100,,,
2258,2021-01-03,0200,,,
2259,2021-01-03,0300,,,
2260,2021-01-03,0400,,,
2261,2021-01-03,0500,,,
2262,2021-01-03,0600,,,
2263,2021-01-03,0700,,,
2264,2021-01-03,0800,,,
2265,2021-01-03,0900,,,
2266,2021-01-03,1000,,,
2267,2021-01-03,1100,,,
2268,2021-01-03,1200,,,
2269,2021-01-03,1300,,,
2270,2021-01-03,1400,,,
2271,2021-01-03,1500,,,
2272,2021-01-03,1600,,,
2273,2021-01-03,1700,,,
2274,2021-01-03,1800,,,
2275,2021-01-03,1900,,,
2276,2021-01-03,2000,,,
2277,2021-01-03,2100,,,
2278,2021-01-03,2200,,,
2279,2021-01-03,2300,,,
2280,2021-01-04,0000,,,
2281,2021-01-04,0100,,,
2282,2021-01-04,0200,,,
2283,2021-01-04,0300,,,
2284,2021-01-04,0400,,,
2285,2021-01-04,0500,,,
2286,2021-01-04,0600,,,
2287,2021-01-04,0700,,,
2288,2021-01-04,0800,,,
2289,2021-01-04,0900,,,
2290,2021-01-04,1000,,,
2291,2021-01-04,1100,,,
2292,2021-01-04,1200,,,
2293,2021-01-04,1300,,,
2294,2021-01-04,1400,,,
2295,2021-01-04,1500,,,
2296,2021-01-04,1600,32.7,58,1.5
2297,2021-01-04,1700,,,
2298,2021-01-04,1800,,,
2299,2021-01-04,1900,,,
2300,2021-01-04,2000,28,80,0.9
2301,2021-01-04,2100,26.7,92,0.1
2302,2021-01-04,2200,26,91,0
2303,2021-01-04,2300,25.5,92,0
2304,2021-01-05,0000,25.6,93,0
2305,2021-01-05,0100,25.7,91,0
2306,2021-01-05,0200,25.6,90,0.1
2307,2021-01-05,0300,25.3,92,0
2308,2021-01-05,0400,25,93,0
2309,2021-01-05,0500,24.7,94,0
2310,2021-01-05,0600,24.6,94,0.1
2311,2021-01-05,0700,24.5,94,0
2312,2021-01-05,0800,24.3,95,0
2313,2021-01-05,0900,24.4,95,0
2314,2021-01-05,1000,25.3,94,0
2315,2021-01-05,1100,26.9,84,1.4
2316,2021-01-05,1200,28.5,77,2.2
2317,2021-01-05,1300,28.8,72,1.8
2318,2021-01-05,1400,30.6,65,2.9
2319,2021-01-05,1500,30,64,2.1
2320,2021-01-05,1600,32.5,60,1.9
2321,2021-01-05,1700,27.4,80,0.3
2322,2021-01-05,1800,31.7,64,1.3
2323,2021-01-05,1900,30.9,66,1.3
2324,2021-01-05,2000,27.5,80,0.4
2325,2021-01-05,2100,28,84,0.1
2326,2021-01-05,2200,27.2,90,0.3
2327,2021-01-05,2300,27.5,77,0.4
2328,2021-01-06,0000,26.9,77,0.9
2329,2021-01-06,0100,26.1,81,0.5
2330,2021-01-06,0200,25.8,83,0.7
2331,2021-01-06,0300,25.4,87,0.6
2332,2021-01-06,0400,25,89,0.2
2333,2021-01-06,0500,24.7,90,0.2
2334,2021-01-06,0600,24.3,92,0
2335,2021-01-06,0700,24.1,94,0
2336,2021-01-06,0800,23.8,94,0
2337,2021-01-06,0900,23.7,95,0
2338,2021-01-06,1000,23.9,95,0
2339,2021-01-06,1100,26.8,87,0.1
2340,2021-01-06,1200,29.7,70,0.6
2341,2021-01-06,1300,31,68,1.5
2342,2021-01-06,1400,31.6,62,1.7
2343,2021-01-06,1500,32.4,54,2
2344,2021-01-06,1600,33.2,55,1.6
2345,2021-01-06,1700,30,78,0.2
2346,2021-01-06,1800,30,70,1.4
2347,2021-01-06,1900,29,83,0.2
2348,2021-01-06,2000,30.1,76,1
2349,2021-01-06,2100,29.6,76,0
2350,2021-01-06,2200,28,74,0.6
2351,2021-01-06,2300,28.1,70,0.6
2352,2021-01-07,0000,27.3,72,0.2
2353,2021-01-07,0100,26.6,78,0.3
2354,2021-01-07,0200,25.9,83,0.9
2355,2021-01-07,0300,25.6,87,0.6
2356,2021-01-07,0400,25,90,0
2357,2021-01-07,0500,24.6,92,0
2358,2021-01-07,0600,24.3,94,0
2359,2021-01-07,0700,24.1,94,0
2360,2021-01-07,0800,23.9,95,0
2361,2021-01-07,0900,23.8,95,0
2362,2021-01-07,1000,24.5,95,0
2363,2021-01-07,1100,26.9,88,0.8
2364,2021-01-07,1200,29.8,71,1.2
2365,2021-01-07,1300,30.7,68,1.8
2366,2021-01-07,1400,31.6,63,1.2
2367,2021-01-07,1500,32.4,58,1.8
2368,2021-01-07,1600,33.2,56,2.4
2369,2021-01-07,1700,34.1,57,1.7
2370,2021-01-07,1800,32.2,65,2.5
2371,2021-01-07,1900,26.9,77,1.6
2372,2021-01-07,2000,27.9,75,1.7
2373,2021-01-07,2100,27,78,1.4
2374,2021-01-07,2200,25.9,86,1.4
2375,2021-01-07,2300,25.6,88,0.8
2376,2021-01-08,0000,25.2,91,0.3
2377,2021-01-08,0100,24.8,92,0
2378,2021-01-08,0200,24.6,93,0.1
2379,2021-01-08,0300,24.4,93,0
2380,2021-01-08,0400,24.8,91,0
2381,2021-01-08,0500,24.8,92,0
2382,2021-01-08,0600,24.7,92,0.1
2383,2021-01-08,0700,24.6,93,0
2384,2021-01-08,0800,24.6,93,0
2385,2021-01-08,0900,24.4,93,0
2386,2021-01-08,1000,25,93,0
2387,2021-01-08,1100,27.5,82,0.7
2388,2021-01-08,1200,27.7,81,1.7
2389,2021-01-08,1300,30,68,1.8
2390,2021-01-08,1400,32.9,59,2
2391,2021-01-08,1500,32.6,57,3.2
2392,2021-01-08,1600,31.8,60,2.5
2393,2021-01-08,1700,32.8,55,1.6
2394,2021-01-08,1800,26.5,82,0.8
2395,2021-01-08,1900,26.5,85,1.1
2396,2021-01-08,2000,25.8,82,0.3
2397,2021-01-08,2100,25.4,87,1.7
2398,2021-01-08,2200,25.1,89,0
2399,2021-01-08,2300,25.1,91,0.1
2400,2021-01-09,0000,26,80,0.1
2401,2021-01-09,0100,26,81,0.3
2402,2021-01-09,0200,25.4,85,0.3
2403,2021-01-09,0300,24.9,90,0
2404,2021-01-09,0400,24.6,91,0
2405,2021-01-09,0500,24.9,89,0
2406,2021-01-09,0600,24.1,92,0
2407,2021-01-09,0700,23.7,94,0
2408,2021-01-09,0800,23.8,94,0
2409,2021-01-09,0900,23.6,94,0
2410,2021-01-09,1000,23.9,95,0
2411,2021-01-09,1100,26.7,86,0.3
2412,2021-01-09,1200,30.1,71,0.8
2413,2021-01-09,1300,31,68,1.4
2414,2021-01-09,1400,30,67,0.7
2415,2021-01-09,1500,32.4,56,1.3
2416,2021-01-09,1600,32.8,53,2
2417,2021-01-09,1700,31.2,62,1.4
2418,2021-01-09,1800,28.9,74,1.5
2419,2021-01-09,1900,30.4,72,1.1
2420,2021-01-09,2000,29.8,72,0.8
2421,2021-01-09,2100,28.7,75,0.2
2422,2021-01-09,2200,28.3,76,0.6
2423,2021-01-09,2300,28,72,0.5
2424,2021-01-10,0000,27.4,75,0.7
2425,2021-01-10,0100,26.8,78,0.1
2426,2021-01-10,0200,26,82,0.1
2427,2021-01-10,0300,25.5,85,0.1
2428,2021-01-10,0400,25.3,87,0
2429,2021-01-10,0500,24.8,90,0
2430,2021-01-10,0600,24.4,92,0
2431,2021-01-10,0700,24,94,0
2432,2021-01-10,0800,23.8,94,0
2433,2021-01-10,0900,23.7,95,0
2434,2021-01-10,1000,24.2,95,0
2435,2021-01-10,1100,26.8,86,0.6
2436,2021-01-10,1200,28.9,74,1.1
2437,2021-01-10,1300,31.7,64,0.8
2438,2021-01-10,1400,30.3,65,0.9
2439,2021-01-10,1500,32.5,60,2.7
2440,2021-01-10,1600,32.3,55,1.6
2441,2021-01-10,1700,33,53,1.4
2442,2021-01-10,1800,26.7,76,1
2443,2021-01-10,1900,26.6,81,0.3
2444,2021-01-10,2000,25.6,87,1.2
2445,2021-01-10,2100,25.6,88,0.2
2446,2021-01-10,2200,25.8,90,0
2447,2021-01-10,2300,26.3,90,0.2
2448,2021-01-11,0000,25.5,93,0
2449,2021-01-11,0100,26,88,0.1
2450,2021-01-11,0200,25.8,89,0.2
2451,2021-01-11,0300,25,92,0
2452,2021-01-11,0400,24.6,94,0
2453,2021-01-11,0500,24.4,94,0
2454,2021-01-11,0600,24.3,95,0
2455,2021-01-11,0700,24.1,95,0
2456,2021-01-11,0800,24,95,0
2457,2021-01-11,0900,24.2,95,0.4
2458,2021-01-11,1000,24.5,95,0
2459,2021-01-11,1100,26.8,90,0.3
2460,2021-01-11,1200,29.7,75,0.8
2461,2021-01-11,1300,30.9,69,2.1
2462,2021-01-11,1400,30,67,2.5
2463,2021-01-11,1500,31.6,65,1.6
2464,2021-01-11,1600,33.4,57,2
2465,2021-01-11,1700,32.7,61,1.2
2466,2021-01-11,1800,25.9,90,0.9
2467,2021-01-11,1900,25.9,92,2.5
2468,2021-01-11,2000,24.7,93,0.6
2469,2021-01-11,2100,24.7,92,0.4
2470,2021-01-11,2200,24.8,92,0.3
2471,2021-01-11,2300,24.8,92,0.1
2472,2021-01-12,0000,24.8,93,1
2473,2021-01-12,0100,24.9,94,0
2474,2021-01-12,0200,24.8,95,0
2475,2021-01-12,0300,24.9,94,0
2476,2021-01-12,0400,24.7,95,0
2477,2021-01-12,0500,24.5,95,0
2478,2021-01-12,0600,24.4,95,0
2479,2021-01-12,0700,24.2,95,0
2480,2021-01-12,0800,24.2,95,0
2481,2021-01-12,0900,24,95,0
2482,2021-01-12,1000,24.4,96,0
2483,2021-01-12,1100,26.2,93,0.7
2484,2021-01-12,1200,29,80,0.8
2485,2021-01-12,1300,29.6,75,0.7
2486,2021-01-12,1400,30.8,67,2
2487,2021-01-12,1500,31.8,60,0.5
2488,2021-01-12,1600,31,66,0.8
2489,2021-01-12,1700,27.1,77,2.2
2490,2021-01-12,1800,25.4,93,0.8
2491,2021-01-12,1900,28.1,80,1.1
2492,2021-01-12,2000,28,79,1.1
2493,2021-01-12,2100,27.7,80,0.7
2494,2021-01-12,2200,24.7,92,0
2495,2021-01-12,2300,24.6,94,0.9
2496,2021-01-13,0000,24.8,94,0.1
2497,2021-01-13,0100,24.9,94,0
2498,2021-01-13,0200,24.9,95,0
2499,2021-01-13,0300,24.7,95,0.8
2500,2021-01-13,0400,24.1,94,2.8
2501,2021-01-13,0500,24.1,95,0
2502,2021-01-13,0600,24.1,95,0.1
2503,2021-01-13,0700,24.1,95,0.3
2504,2021-01-13,0800,23.8,95,0
2505,2021-01-13,0900,23.8,95,0
2506,2021-01-13,1000,24,95,0
2507,2021-01-13,1100,25.4,94,0.4
2508,2021-01-13,1200,28.3,77,1.2
2509,2021-01-13,1300,29.4,69,0.9
2510,2021-01-13,1400,29.9,66,1.2
2511,2021-01-13,1500,31.6,64,1.1
2512,2021-01-13,1600,32.1,57,0.9
2513,2021-01-13,1700,28.3,76,1.8
2514,2021-01-13,1800,29.6,69,1.8
2515,2021-01-13,1900,29.6,72,0.7
2516,2021-01-13,2000,26.3,79,0.2
2517,2021-01-13,2100,23.8,92,1.8
2518,2021-01-13,2200,24.1,94,0.1
2519,2021-01-13,2300,23.9,95,0
2520,2021-01-14,0000,23.6,94,0
2521,2021-01-14,0100,23.8,95,0
2522,2021-01-14,0200,24,95,0.1
2523,2021-01-14,0300,24.3,95,0
2524,2021-01-14,0400,24.2,95,0
2525,2021-01-14,0500,24.1,95,0
2526,2021-01-14,0600,24.2,95,0
2527,2021-01-14,0700,24.2,95,0
2528,2021-01-14,0800,24,95,0
2529,2021-01-14,0900,23.9,95,0
2530,2021-01-14,1000,24.4,95,0
2531,2021-01-14,1100,25.8,93,1.2
2532,2021-01-14,1200,28.9,77,1.2
2533,2021-01-14,1300,29.4,71,1.9
2534,2021-01-14,1400,30.3,66,1.6
2535,2021-01-14,1500,31.2,60,0.8
2536,2021-01-14,1600,28.7,76,1.4
2537,2021-01-14,1700,27.7,72,1.8
2538,2021-01-14,1800,26.4,85,0
2539,2021-01-14,1900,26.9,84,0.1
2540,2021-01-14,2000,25.1,93,0
2541,2021-01-14,2100,26,92,0
2542,2021-01-14,2200,25.9,93,0.2
2543,2021-01-14,2300,25.7,92,0.2
2544,2021-01-15,0000,25.5,89,0.1
2545,2021-01-15,0100,24.9,91,0
2546,2021-01-15,0200,24.3,93,0
2547,2021-01-15,0300,23.9,94,0
2548,2021-01-15,0400,23.5,95,0
2549,2021-01-15,0500,23.3,95,0
2550,2021-01-15,0600,23.2,95,0
2551,2021-01-15,0700,23,95,0
2552,2021-01-15,0800,22.7,96,0
2553,2021-01-15,0900,22.7,96,0
2554,2021-01-15,1000,23.1,96,0
2555,2021-01-15,1100,25.4,90,1.6
2556,2021-01-15,1200,28.7,74,1.9
2557,2021-01-15,1300,30.2,69,2.1
2558,2021-01-15,1400,30.6,63,1.6
2559,2021-01-15,1500,32.5,58,2.8
2560,2021-01-15,1600,32.7,56,1.2
2561,2021-01-15,1700,33.1,54,1.7
2562,2021-01-15,1800,31.9,52,1.1
2563,2021-01-15,1900,32.3,60,1.9
2564,2021-01-15,2000,32.5,59,1.4
2565,2021-01-15,2100,28,80,0.6
2566,2021-01-15,2200,28,73,0.2
2567,2021-01-15,2300,27.5,70,0.8
2568,2021-01-16,0000,26.7,74,0.3
2569,2021-01-16,0100,26.3,75,0.4
2570,2021-01-16,0200,25.2,81,0.7
2571,2021-01-16,0300,24.6,84,0.3
2572,2021-01-16,0400,24.2,88,0.3
2573,2021-01-16,0500,24.2,88,0
2574,2021-01-16,0600,24,89,0.1
2575,2021-01-16,0700,23.6,91,0
2576,2021-01-16,0800,23.3,92,0
2577,2021-01-16,0900,23.1,93,0
2578,2021-01-16,1000,23.3,94,0
2579,2021-01-16,1100,26.3,82,0.7
2580,2021-01-16,1200,29.5,69,0.7
2581,2021-01-16,1300,30.9,64,1.3
2582,2021-01-16,1400,31.3,62,0.5
2583,2021-01-16,1500,33.1,55,2.3
2584,2021-01-16,1600,33.7,47,1.9
2585,2021-01-16,1700,33.3,53,1.8
2586,2021-01-16,1800,31.9,61,1.3
2587,2021-01-16,1900,29.9,69,1.2
2588,2021-01-16,2000,23.9,94,0.4
2589,2021-01-16,2100,25.2,94,0
2590,2021-01-16,2200,25.5,94,0
2591,2021-01-16,2300,25.4,95,0
2592,2021-01-17,0000,25,95,0
2593,2021-01-17,0100,24.8,95,0
2594,2021-01-17,0200,24.5,95,0
2595,2021-01-17,0300,24.6,94,0
2596,2021-01-17,0400,24.4,94,0
2597,2021-01-17,0500,24.3,94,0
2598,2021-01-17,0600,24,95,0
2599,2021-01-17,0700,24,95,0
2600,2021-01-17,0800,23.9,95,0
2601,2021-01-17,0900,23.7,95,0
2602,2021-01-17,1000,23.8,96,0
2603,2021-01-17,1100,25,95,0.1
2604,2021-01-17,1200,26.6,89,0.6
2605,2021-01-17,1300,28,82,0.5
2606,2021-01-17,1400,30.4,65,0.5
2607,2021-01-17,1500,32.2,63,2
2608,2021-01-17,1600,32.1,60,1.9
2609,2021-01-17,1700,32,56,0.8
2610,2021-01-17,1800,31.4,63,1.2
2611,2021-01-17,1900,31.3,62,2.1
2612,2021-01-17,2000,30.2,66,2.2
2613,2021-01-17,2100,24.7,93,0.4
2614,2021-01-17,2200,24.9,93,0.5
2615,2021-01-17,2300,25.2,92,0.1
2616,2021-01-18,0000,25.6,90,0.6
2617,2021-01-18,0100,25.8,89,0
2618,2021-01-18,0200,25.7,88,0.5
2619,2021-01-18,0300,25.7,88,0.1
2620,2021-01-18,0400,25.3,91,0.6
2621,2021-01-18,0500,25.1,92,0.5
2622,2021-01-18,0600,24.9,93,0.3
2623,2021-01-18,0700,24.8,93,0.1
2624,2021-01-18,0800,24.8,94,0.1
2625,2021-01-18,0900,24.6,93,0
2626,2021-01-18,1000,24.8,93,0.4
2627,2021-01-18,1100,25.3,92,1.6
2628,2021-01-18,1200,25.9,91,2.1
2629,2021-01-18,1300,26.4,88,1.9
2630,2021-01-18,1400,28.8,79,1.9
2631,2021-01-18,1500,27.9,79,1.5
2632,2021-01-18,1600,30,69,1.9
2633,2021-01-18,1700,30.7,69,2.2
2634,2021-01-18,1800,31,66,1.7
2635,2021-01-18,1900,24.7,90,1.2
2636,2021-01-18,2000,23.6,95,0
2637,2021-01-18,2100,23.8,95,0.1
2638,2021-01-18,2200,24,95,0.4
2639,2021-01-18,2300,24.1,95,0
2640,2021-01-19,0000,24.2,95,0.3
2641,2021-01-19,0100,24.1,95,0
2642,2021-01-19,0200,24.1,95,0
2643,2021-01-19,0300,24.1,95,0
2644,2021-01-19,0400,24.2,95,0
2645,2021-01-19,0500,24.2,95,0
2646,2021-01-19,0600,24.2,95,0
2647,2021-01-19,0700,24.1,95,0
2648,2021-01-19,0800,23.9,94,0
2649,2021-01-19,0900,23.7,95,0
2650,2021-01-19,1000,24,95,0.2
2651,2021-01-19,1100,25.5,91,0.2
2652,2021-01-19,1200,27.5,80,0.5
2653,2021-01-19,1300,29,76,0.3
2654,2021-01-19,1400,29.9,69,0.6
2655,2021-01-19,1500,32,66,1.1
2656,2021-01-19,1600,25.4,89,1.5
2657,2021-01-19,1700,24.7,94,0.3
2658,2021-01-19,1800,26.6,85,0.2
2659,2021-01-19,1900,27.5,80,0.1
2660,2021-01-19,2000,27.5,79,0.5
2661,2021-01-19,2100,27.1,81,0
2662,2021-01-19,2200,26,88,0
2663,2021-01-19,2300,25.7,86,0.3
2664,2021-01-20,0000,25.5,89,0
2665,2021-01-20,0100,24.9,91,3.3
2666,2021-01-20,0200,23.2,95,3.4
2667,2021-01-20,0300,22.8,95,1.1
2668,2021-01-20,0400,22.9,95,0.4
2669,2021-01-20,0500,23.1,95,0.2
2670,2021-01-20,0600,23.1,95,0.3
2671,2021-01-20,0700,23,96,1.2
2672,2021-01-20,0800,22.9,96,1
2673,2021-01-20,0900,23,96,0.7
2674,2021-01-20,1000,22.9,95,1.2
2675,2021-01-20,1100,23,95,2.1
2676,2021-01-20,1200,23.7,95,1.5
2677,2021-01-20,1300,24.6,92,1.9
2678,2021-01-20,1400,25.2,90,1
2679,2021-01-20,1500,25.5,87,1.4
2680,2021-01-20,1600,25.7,82,2
2681,2021-01-20,1700,27.1,78,2.4
2682,2021-01-20,1800,27.4,78,1.7
2683,2021-01-20,1900,27.3,76,1.9
2684,2021-01-20,2000,26.6,79,1.4
2685,2021-01-20,2100,25.9,82,1
2686,2021-01-20,2200,25.1,87,0.2
2687,2021-01-20,2300,24.7,89,0.2
2688,2021-01-21,0000,24.7,89,0.1
2689,2021-01-21,0100,24.5,91,0
2690,2021-01-21,0200,24.4,92,0
2691,2021-01-21,0300,24.2,93,0.3
2692,2021-01-21,0400,24.1,91,0.1
2693,2021-01-21,0500,23.9,93,0.2
2694,2021-01-21,0600,23.9,94,0.1
2695,2021-01-21,0700,23.8,94,0.4
2696,2021-01-21,0800,23.8,94,0.6
2697,2021-01-21,0900,23.8,94,0
2698,2021-01-21,1000,23.8,94,0
2699,2021-01-21,1100,24.8,91,0.3
2700,2021-01-21,1200,26.6,84,1.6
2701,2021-01-21,1300,29,73,1.8
2702,2021-01-21,1400,29.4,71,2.4
2703,2021-01-21,1500,30.5,68,1.8
2704,2021-01-21,1600,30.9,65,0.5
2705,2021-01-21,1700,30.3,67,1.8
2706,2021-01-21,1800,30.4,68,1
2707,2021-01-21,1900,27.4,66,1.9
2708,2021-01-21,2000,24.4,92,2.6
2709,2021-01-21,2100,23.6,95,0
2710,2021-01-21,2200,23.7,95,0.4
2711,2021-01-21,2300,23,95,4.6
2712,2021-01-22,0000,23.5,95,0
2713,2021-01-22,0100,23.5,96,0
2714,2021-01-22,0200,23.2,96,0.1
2715,2021-01-22,0300,23.3,96,0
2716,2021-01-22,0400,23.5,96,0
2717,2021-01-22,0500,23.5,96,0
2718,2021-01-22,0600,23.5,96,0.1
2719,2021-01-22,0700,23.7,96,0.5
2720,2021-01-22,0800,23.4,95,0.7
2721,2021-01-22,0900,23.3,96,0
2722,2021-01-22,1000,23.4,96,0.2
2723,2021-01-22,1100,24,95,0.2
2724,2021-01-22,1200,24.8,93,0.1
2725,2021-01-22,1300,26.6,86,1.5
2726,2021-01-22,1400,27.8,81,0.9
2727,2021-01-22,1500,28.9,75,1.7
2728,2021-01-22,1600,30.3,66,2.1
2729,2021-01-22,1700,31.2,62,1.7
2730,2021-01-22,1800,28.1,70,2.8
2731,2021-01-22,1900,28.4,69,0.6
2732,2021-01-22,2000,29,71,1.7
2733,2021-01-22,2100,27.6,77,1.6
2734,2021-01-22,2200,27.1,80,0.2
2735,2021-01-22,2300,26,89,1.9
2736,2021-01-23,0000,25.2,92,0.3
2737,2021-01-23,0100,24.7,93,1
2738,2021-01-23,0200,24.2,92,0.8
2739,2021-01-23,0300,24.1,92,1.1
2740,2021-01-23,0400,23.9,92,1.5
2741,2021-01-23,0500,23.7,93,1
2742,2021-01-23,0600,23.5,93,0
2743,2021-01-23,0700,23.4,94,0.1
2744,2021-01-23,0800,23.1,95,0
2745,2021-01-23,0900,23.1,95,0
2746,2021-01-23,1000,23.4,95,0
2747,2021-01-23,1100,25.7,87,1
2748,2021-01-23,1200,27.9,75,2.1
2749,2021-01-23,1300,29,68,1.7
2750,2021-01-23,1400,31.4,60,2
2751,2021-01-23,1500,31.9,58,2.2
2752,2021-01-23,1600,31.4,58,3
2753,2021-01-23,1700,31.4,60,2.6
2754,2021-01-23,1800,32.2,59,1.5
2755,2021-01-23,1900,32.5,54,0.3
2756,2021-01-23,2000,29.3,61,1.2
2757,2021-01-23,2100,27.8,72,1
2758,2021-01-23,2200,26.9,75,0.4
2759,2021-01-23,2300,26.5,79,0.2
2760,2021-01-24,0000,24.5,91,2.1
2761,2021-01-24,0100,24.3,95,0.4
2762,2021-01-24,0200,24.4,95,0
2763,2021-01-24,0300,24.5,95,0
2764,2021-01-24,0400,24.4,95,0
2765,2021-01-24,0500,24.3,95,0
2766,2021-01-24,0600,24,95,0.2
2767,2021-01-24,0700,23.8,94,0.2
2768,2021-01-24,0800,23.7,94,1.1
2769,2021-01-24,0900,23.8,95,0
2770,2021-01-24,1000,23.9,95,0.1
2771,2021-01-24,1100,25.8,89,0.2
2772,2021-01-24,1200,28.8,76,1.4
2773,2021-01-24,1300,30.2,68,1.3
2774,2021-01-24,1400,30.2,66,1.1
2775,2021-01-24,1500,31,62,2.6
2776,2021-01-24,1600,28.8,71,3.1
2777,2021-01-24,1700,31.9,63,2
2778,2021-01-24,1800,29.9,70,1.4
2779,2021-01-24,1900,22.3,93,1
2780,2021-01-24,2000,23.5,94,0
2781,2021-01-24,2100,24,95,0
2782,2021-01-24,2200,24,95,0.2
2783,2021-01-24,2300,22.8,94,3.5
2784,2021-01-25,0000,22.9,95,1.1
2785,2021-01-25,0100,23.1,95,1
2786,2021-01-25,0200,23.3,96,0
2787,2021-01-25,0300,23.4,96,0
2788,2021-01-25,0400,23.5,96,0
2789,2021-01-25,0500,23.4,96,0.5
2790,2021-01-25,0600,23.4,96,0
2791,2021-01-25,0700,23.4,95,0.4
2792,2021-01-25,0800,23.3,95,0
2793,2021-01-25,0900,23.1,96,0
2794,2021-01-25,1000,23.9,96,0.1
2795,2021-01-25,1100,25.4,92,0.1
2796,2021-01-25,1200,27,86,0.4
2797,2021-01-25,1300,29.5,74,0.8
2798,2021-01-25,1400,29.3,70,0.4
2799,2021-01-25,1500,31.2,69,0.6
2800,2021-01-25,1600,28.5,76,0
2801,2021-01-25,1700,27.4,81,2.4
2802,2021-01-25,1800,24.7,93,0.6
2803,2021-01-25,1900,24.2,94,0.2
2804,2021-01-25,2000,24.2,94,0
2805,2021-01-25,2100,24.3,95,0.4
2806,2021-01-25,2200,24.5,95,0
2807,2021-01-25,2300,24.5,95,0
2808,2021-01-26,0000,24.4,96,0
2809,2021-01-26,0100,24.4,96,0.1
2810,2021-01-26,0200,24.4,96,0
2811,2021-01-26,0300,24.5,96,0
2812,2021-01-26,0400,24.5,96,0
2813,2021-01-26,0500,24.4,96,0
2814,2021-01-26,0600,24.3,96,0
2815,2021-01-26,0700,24.3,96,0
2816,2021-01-26,0800,24.1,96,0
2817,2021-01-26,0900,24.2,96,0
2818,2021-01-26,1000,24.2,96,0.2
2819,2021-01-26,1100,24.7,96,0.1
2820,2021-01-26,1200,27.1,91,0.8
2821,2021-01-26,1300,27.4,86,1.5
2822,2021-01-26,1400,29.6,76,0.9
2823,2021-01-26,1500,31.9,63,1.2
2824,2021-01-26,1600,31.8,58,1.6
2825,2021-01-26,1700,31.2,66,1
2826,2021-01-26,1800,31,65,2.3
2827,2021-01-26,1900,29.2,68,1.6
2828,2021-01-26,2000,26.3,93,0.5
2829,2021-01-26,2100,26,93,0.5
2830,2021-01-26,2200,24.6,94,0
2831,2021-01-26,2300,24.8,95,0
2832,2021-01-27,0000,24.7,95,0.1
2833,2021-01-27,0100,24.9,95,0
2834,2021-01-27,0200,24.8,96,0
2835,2021-01-27,0300,24.7,96,0
2836,2021-01-27,0400,24.6,96,0
2837,2021-01-27,0500,24.4,96,0
2838,2021-01-27,0600,24.4,96,0
2839,2021-01-27,0700,24.3,96,0
2840,2021-01-27,0800,24.1,96,0
2841,2021-01-27,0900,24,96,0
2842,2021-01-27,1000,24.6,96,0
2843,2021-01-27,1100,25.3,96,0.1
2844,2021-01-27,1200,28.2,82,0.4
2845,2021-01-27,1300,29.1,70,0.6
2846,2021-01-27,1400,30.2,66,0.6
2847,2021-01-27,1500,31.8,61,1
2848,2021-01-27,1600,29.9,70,0.7
2849,2021-01-27,1700,29.6,84,1.6
2850,2021-01-27,1800,26.9,94,0.6
2851,2021-01-27,1900,28.7,76,1.4
2852,2021-01-27,2000,28.6,75,1.8
2853,2021-01-27,2100,28.1,79,0.8
2854,2021-01-27,2200,27.5,81,0.2
2855,2021-01-27,2300,27.1,84,0.4
2856,2021-01-28,0000,27,87,0.1
2857,2021-01-28,0100,26.2,91,0.3
2858,2021-01-28,0200,25.7,94,0
2859,2021-01-28,0300,25.7,92,0
2860,2021-01-28,0400,25.2,94,0.1
2861,2021-01-28,0500,24.9,95,0.1
2862,2021-01-28,0600,24.6,95,0.1
2863,2021-01-28,0700,24.7,95,0.3
2864,2021-01-28,0800,24.4,95,0
2865,2021-01-28,0900,24.4,95,0
2866,2021-01-28,1000,24.5,95,0
2867,2021-01-28,1100,25.4,93,0.1
2868,2021-01-28,1200,26.6,87,0.3
2869,2021-01-28,1300,27.4,80,0
2870,2021-01-28,1400,29.1,73,0
2871,2021-01-28,1500,30.3,70,0.5
2872,2021-01-28,1600,30.5,67,0.8
2873,2021-01-28,1700,26.8,79,1.5
2874,2021-01-28,1800,25.4,87,0.8
2875,2021-01-28,1900,25.5,89,0.4
2876,2021-01-28,2000,25.3,87,0.5
2877,2021-01-28,2100,24.7,90,0.2
2878,2021-01-28,2200,24.4,92,0.1
2879,2021-01-28,2300,24.3,92,0.3
2880,2021-01-29,0000,24.3,92,0
2881,2021-01-29,0100,24.2,92,0
2882,2021-01-29,0200,24,93,0
2883,2021-01-29,0300,23.8,94,0
2884,2021-01-29,0400,23.8,95,0
2885,2021-01-29,0500,24.1,94,0.1
2886,2021-01-29,0600,24.2,94,0.1
2887,2021-01-29,0700,24.2,94,0
2888,2021-01-29,0800,24,95,0.2
2889,2021-01-29,0900,24,95,1
2890,2021-01-29,1000,24.2,96,1.6
2891,2021-01-29,1100,24.8,95,1.3
2892,2021-01-29,1200,26.2,91,1.6
2893,2021-01-29,1300,26.8,86,2.6
2894,2021-01-29,1400,29.5,74,1.7
2895,2021-01-29,1500,31.2,66,1.8
2896,2021-01-29,1600,32.1,62,2.1
2897,2021-01-29,1700,32.5,57,2.4
2898,2021-01-29,1800,33.3,51,2.3
2899,2021-01-29,1900,30.5,65,1.3
2900,2021-01-29,2000,31.1,66,0.7
2901,2021-01-29,2100,29.9,68,0.6
2902,2021-01-29,2200,28.4,76,0.6
2903,2021-01-29,2300,27.4,80,0.6
2904,2021-01-30,0000,23.9,93,3.4
2905,2021-01-30,0100,24,94,2.6
2906,2021-01-30,0200,23.6,95,1.6
2907,2021-01-30,0300,23.9,95,0.2
2908,2021-01-30,0400,23.8,95,0
2909,2021-01-30,0500,23.8,95,0
2910,2021-01-30,0600,24,96,0
2911,2021-01-30,0700,24.1,96,0
2912,2021-01-30,0800,24.1,96,0
2913,2021-01-30,0900,24.2,96,0.2
2914,2021-01-30,1000,24.5,96,0.8
2915,2021-01-30,1100,25.1,95,0.1
2916,2021-01-30,1200,26,92,0.2
2917,2021-01-30,1300,28,80,1.4
2918,2021-01-30,1400,30.2,73,1.5
2919,2021-01-30,1500,31.5,69,1.8
2920,2021-01-30,1600,32.3,59,1.5
2921,2021-01-30,1700,30.9,64,1.7
2922,2021-01-30,1800,29.4,68,1.1
2923,2021-01-30,1900,31.1,63,0.7
2924,2021-01-30,2000,30.4,72,0.8
2925,2021-01-30,2100,29.5,71,0.2
2926,2021-01-30,2200,28.1,77,0.3
2927,2021-01-30,2300,27.8,76,0.1
2928,2021-01-31,0000,27.2,78,0.5
2929,2021-01-31,0100,26.8,80,0.2
2930,2021-01-31,0200,25.8,86,0.2
2931,2021-01-31,0300,25.4,89,0.2
2932,2021-01-31,0400,25.1,92,0
2933,2021-01-31,0500,25.2,91,0.2
2934,2021-01-31,0600,25.3,91,0.9
2935,2021-01-31,0700,25.2,92,0.3
2936,2021-01-31,0800,25,93,0.6
2937,2021-01-31,0900,24.8,94,0.1
2938,2021-01-31,1000,24.7,94,0.1
2939,2021-01-31,1100,26.3,89,0.9
2940,2021-01-31,1200,28.1,76,1.6
2941,2021-01-31,1300,30.2,67,1.6
2942,2021-01-31,1400,30.8,66,2.2
2943,2021-01-31,1500,31.6,59,2.8
2944,2021-01-31,1600,32.5,56,1.6
2945,2021-01-31,1700,32.6,56,1.8
2946,2021-01-31,1800,33,53,1.3
2947,2021-01-31,1900,32.7,57,1.3
2948,2021-01-31,2000,26.9,87,0.8
2949,2021-01-31,2100,26.3,85,0.1
2950,2021-01-31,2200,26.2,81,0.6
2951,2021-01-31,2300,26.3,86,0.1
2952,2021-02-01,0000,24.5,93,0
2953,2021-02-01,0100,22.7,95,2.2
2954,2021-02-01,0200,23.2,95,0
2955,2021-02-01,0300,23.1,95,0.2
2956,2021-02-01,0400,23.6,94,0
2957,2021-02-01,0500,23.6,94,0
2958,2021-02-01,0600,23.5,95,0
2959,2021-02-01,0700,23.7,95,0
2960,2021-02-01,0800,23.7,95,0
2961,2021-02-01,0900,23.8,95,0
2962,2021-02-01,1000,24,95,0
2963,2021-02-01,1100,24.6,94,0.2
2964,2021-02-01,1200,27.4,84,0.2
2965,2021-02-01,1300,29.6,76,1.4
2966,2021-02-01,1400,31.5,68,2.1
2967,2021-02-01,1500,31.5,65,2.5
2968,2021-02-01,1600,30.4,67,1.2
2969,2021-02-01,1700,27.7,91,0.6
2970,2021-02-01,1800,31.2,70,0.5
2971,2021-02-01,1900,30.2,71,1
2972,2021-02-01,2000,29.2,73,1.7
2973,2021-02-01,2100,23.9,94,0.1
2974,2021-02-01,2200,24.2,95,1.2
2975,2021-02-01,2300,23.9,94,0.7
2976,2021-02-02,0000,24.1,94,0.1
2977,2021-02-02,0100,23.7,94,0.2
2978,2021-02-02,0200,23.6,95,0
2979,2021-02-02,0300,23.8,94,0.3
2980,2021-02-02,0400,23.7,95,0.5
2981,2021-02-02,0500,23.7,94,0
2982,2021-02-02,0600,23.8,94,0
2983,2021-02-02,0700,23.7,95,0
2984,2021-02-02,0800,23.8,95,0
2985,2021-02-02,0900,23.7,96,0.1
2986,2021-02-02,1000,23.9,96,0
2987,2021-02-02,1100,25,93,0.1
2988,2021-02-02,1200,26.7,89,0.9
2989,2021-02-02,1300,29.2,73,1.9
2990,2021-02-02,1400,32.4,65,1.6
2991,2021-02-02,1500,32.1,62,2
2992,2021-02-02,1600,32.4,56,3.1
2993,2021-02-02,1700,32.1,60,0.7
2994,2021-02-02,1800,28.9,74,0.8
2995,2021-02-02,1900,32.2,63,1
2996,2021-02-02,2000,29.6,71,0.6
2997,2021-02-02,2100,29,69,0.1
2998,2021-02-02,2200,27.5,76,0.1
2999,2021-02-02,2300,27.9,74,0.6
3000,2021-02-03,0000,27,80,0.4
3001,2021-02-03,0100,26.5,82,0.5
3002,2021-02-03,0200,26.3,85,0.2
3003,2021-02-03,0300,25.5,89,0.1
3004,2021-02-03,0400,25,92,0.1
3005,2021-02-03,0500,24.8,93,0.1
3006,2021-02-03,0600,24.7,93,0.2
3007,2021-02-03,0700,24.6,94,0
3008,2021-02-03,0800,24.3,94,0
3009,2021-02-03,0900,24.1,95,0
3010,2021-02-03,1000,24.6,95,0
3011,2021-02-03,1100,27,86,0.7
3012,2021-02-03,1200,29.2,73,3.1
3013,2021-02-03,1300,30.2,66,2.2
3014,2021-02-03,1400,31.8,62,1.7
3015,2021-02-03,1500,32.5,60,2.5
3016,2021-02-03,1600,33.7,55,2.5
3017,2021-02-03,1700,33.5,52,2.6
3018,2021-02-03,1800,31.6,66,2
3019,2021-02-03,1900,28.4,91,1.7
3020,2021-02-03,2000,25.1,93,0
3021,2021-02-03,2100,24.9,93,0.5
3022,2021-02-03,2200,25,94,0.4
3023,2021-02-03,2300,25.2,94,0.1
3024,2021-02-04,0000,25.8,93,0.3
3025,2021-02-04,0100,26,92,0.1
3026,2021-02-04,0200,25.6,93,0.7
3027,2021-02-04,0300,25.4,93,0.1
3028,2021-02-04,0400,25,94,0
3029,2021-02-04,0500,24.6,95,0
3030,2021-02-04,0600,24.3,95,0
3031,2021-02-04,0700,24.2,96,0
3032,2021-02-04,0800,24.1,96,0
3033,2021-02-04,0900,23.8,96,0
3034,2021-02-04,1000,24.4,96,0
3035,2021-02-04,1100,26,94,1.2
3036,2021-02-04,1200,28.7,78,1.2
3037,2021-02-04,1300,30.3,72,2.6
3038,2021-02-04,1400,30.9,68,2.2
3039,2021-02-04,1500,32.6,60,1.5
3040,2021-02-04,1600,31.7,61,1.7
3041,2021-02-04,1700,32.8,58,2.5
3042,2021-02-04,1800,30.7,69,0.8
3043,2021-02-04,1900,30.1,74,1.2
3044,2021-02-04,2000,28.8,79,0.1
3045,2021-02-04,2100,24.7,94,0.7
3046,2021-02-04,2200,25.2,93,0.3
3047,2021-02-04,2300,25,93,0.2
3048,2021-02-05,0000,25.7,91,0.1
3049,2021-02-05,0100,25.8,91,0.2
3050,2021-02-05,0200,25.5,92,0.1
3051,2021-02-05,0300,25.1,94,0.2
3052,2021-02-05,0400,25.1,94,0.1
3053,2021-02-05,0500,24.8,94,0
3054,2021-02-05,0600,24.7,95,0
3055,2021-02-05,0700,24.4,95,0
3056,2021-02-05,0800,24.1,96,0
3057,2021-02-05,0900,24.2,96,0
3058,2021-02-05,1000,24.5,96,0.1
3059,2021-02-05,1100,26.8,89,0.5
3060,2021-02-05,1200,29.2,74,2.2
3061,2021-02-05,1300,29.7,69,0.9
3062,2021-02-05,1400,30.8,64,0.6
3063,2021-02-05,1500,32.4,59,0.9
3064,2021-02-05,1600,32.8,53,2
3065,2021-02-05,1700,33.1,51,2.5
3066,2021-02-05,1800,33.8,50,0.7
3067,2021-02-05,1900,33.6,49,1.5
3068,2021-02-05,2000,31.3,63,1.3
3069,2021-02-05,2100,30.3,58,1.1
3070,2021-02-05,2200,28.8,64,0.4
3071,2021-02-05,2300,28.1,67,0.3
3072,2021-02-06,0000,26.9,73,0.5
3073,2021-02-06,0100,26.2,77,0.7
3074,2021-02-06,0200,25.5,81,1.1
3075,2021-02-06,0300,24.9,87,0.3
3076,2021-02-06,0400,24.6,88,0.3
3077,2021-02-06,0500,24.3,90,0.1
3078,2021-02-06,0600,24,92,0
3079,2021-02-06,0700,23.7,94,0
3080,2021-02-06,0800,23.6,94,0
3081,2021-02-06,0900,23.6,94,0
3082,2021-02-06,1000,24,95,0
3083,2021-02-06,1100,26.4,83,0.9
3084,2021-02-06,1200,28.9,73,2.2
3085,2021-02-06,1300,30.2,68,2
3086,2021-02-06,1400,30.8,66,1.7
3087,2021-02-06,1500,32.4,58,2.3
3088,2021-02-06,1600,31.5,62,2.2
3089,2021-02-06,1700,32.4,62,1.3
3090,2021-02-06,1800,27.2,87,0.6
3091,2021-02-06,1900,29.1,83,1
3092,2021-02-06,2000,31.6,69,1.3
3093,2021-02-06,2100,25.8,92,1.3
3094,2021-02-06,2200,26.5,95,0
3095,2021-02-06,2300,26.6,95,0.1
3096,2021-02-07,0000,26.4,91,0.6
3097,2021-02-07,0100,26.3,89,0.2
3098,2021-02-07,0200,25.9,91,0
3099,2021-02-07,0300,25.8,90,0
3100,2021-02-07,0400,25.8,89,0
3101,2021-02-07,0500,24.9,94,0
3102,2021-02-07,0600,24.5,95,0
3103,2021-02-07,0700,24.3,95,0
3104,2021-02-07,0800,24,96,0
3105,2021-02-07,0900,24,96,0
3106,2021-02-07,1000,24.6,96,0.2
3107,2021-02-07,1100,26.7,86,0.8
3108,2021-02-07,1200,29.3,72,0.7
3109,2021-02-07,1300,30.2,70,1.6
3110,2021-02-07,1400,29.6,69,1
3111,2021-02-07,1500,31.9,63,1.9
3112,2021-02-07,1600,31.9,62,0.7
3113,2021-02-07,1700,31.6,71,0.8
3114,2021-02-07,1800,29.8,72,2.3
3115,2021-02-07,1900,29.3,72,3.7
3116,2021-02-07,2000,28.4,72,0.5
3117,2021-02-07,2100,26.8,74,2.1
3118,2021-02-07,2200,26.1,79,0.8
3119,2021-02-07,2300,25.8,83,0.1
3120,2021-02-08,0000,25.5,89,0.7
3121,2021-02-08,0100,26,86,0.3
3122,2021-02-08,0200,25.6,88,0.1
3123,2021-02-08,0300,25.1,90,0.2
3124,2021-02-08,0400,25.3,87,0.1
3125,2021-02-08,0500,25,88,0.1
3126,2021-02-08,0600,24.3,91,0
3127,2021-02-08,0700,24,93,0
3128,2021-02-08,0800,23.8,94,0
3129,2021-02-08,0900,23.5,95,0
3130,2021-02-08,1000,24.9,91,0.1
3131,2021-02-08,1100,27,81,0.7
3132,2021-02-08,1200,29,71,1.2
3133,2021-02-08,1300,30.9,65,0.7
3134,2021-02-08,1400,31.3,59,1
3135,2021-02-08,1500,31,60,1.4
3136,2021-02-08,1600,32.3,60,1.7
3137,2021-02-08,1700,29.5,67,2.7
3138,2021-02-08,1800,31.3,69,1.7
3139,2021-02-08,1900,30,76,1.1
3140,2021-02-08,2000,29.7,69,2
3141,2021-02-08,2100,27.3,78,0.2
3142,2021-02-08,2200,26.8,84,0.3
3143,2021-02-08,2300,27.6,77,1.5
3144,2021-02-09,0000,27.1,81,0.3
3145,2021-02-09,0100,26.8,82,0.4
3146,2021-02-09,0200,26.4,86,0.1
3147,2021-02-09,0300,26.4,85,0.3
3148,2021-02-09,0400,25.7,90,0.3
3149,2021-02-09,0500,25.6,91,0
3150,2021-02-09,0600,25.8,90,0
3151,2021-02-09,0700,25.3,93,0
3152,2021-02-09,0800,25.1,94,0
3153,2021-02-09,0900,24.9,94,0.1
3154,2021-02-09,1000,25,94,0.2
3155,2021-02-09,1100,26,91,0.8
3156,2021-02-09,1200,28.2,77,0.3
3157,2021-02-09,1300,29,75,1.1
3158,2021-02-09,1400,30.5,66,1.3
3159,2021-02-09,1500,32,61,2.6
3160,2021-02-09,1600,28.2,80,1.3
3161,2021-02-09,1700,28.2,83,0.6
3162,2021-02-09,1800,24,95,0.8
3163,2021-02-09,1900,24.2,95,2.3
3164,2021-02-09,2000,24.1,95,0.5
3165,2021-02-09,2100,24.1,95,0.3
3166,2021-02-09,2200,24.5,95,0.6
3167,2021-02-09,2300,23.7,95,0.1
3168,2021-02-10,0000,22.8,92,0.9
3169,2021-02-10,0100,23.2,94,0
3170,2021-02-10,0200,24.1,95,0
3171,2021-02-10,0300,24.1,96,0
3172,2021-02-10,0400,24.3,96,0.1
3173,2021-02-10,0500,24.5,96,0.1
3174,2021-02-10,0600,24.3,96,0.1
3175,2021-02-10,0700,24.1,96,0
3176,2021-02-10,0800,24.1,96,0
3177,2021-02-10,0900,24.2,96,0
3178,2021-02-10,1000,24.4,96,0
3179,2021-02-10,1100,24.8,96,0
3180,2021-02-10,1200,25.3,95,0.3
3181,2021-02-10,1300,25.7,95,1.1
3182,2021-02-10,1400,27.7,91,0.3
3183,2021-02-10,1500,28.5,77,0.8
3184,2021-02-10,1600,29.3,72,0
3185,2021-02-10,1700,29.8,71,0.6
3186,2021-02-10,1800,29.8,72,1.3
3187,2021-02-10,1900,30.3,71,0.3
3188,2021-02-10,2000,27.5,80,0.8
3189,2021-02-10,2100,27.2,82,0.9
3190,2021-02-10,2200,26.8,88,0.1
3191,2021-02-10,2300,27,83,0.2
3192,2021-02-11,0000,26.7,85,0.2
3193,2021-02-11,0100,26.1,89,1.7
3194,2021-02-11,0200,25.4,89,2.6
3195,2021-02-11,0300,24.6,88,3.2
3196,2021-02-11,0400,23.9,93,1
3197,2021-02-11,0500,23.7,95,0.1
3198,2021-02-11,0600,23.4,95,0.4
3199,2021-02-11,0700,23.2,96,1.3
3200,2021-02-11,0800,23.4,96,0.8
3201,2021-02-11,0900,23.4,96,0.1
3202,2021-02-11,1000,23.4,96,0.5
3203,2021-02-11,1100,23.9,96,0
3204,2021-02-11,1200,24.7,96,0.4
3205,2021-02-11,1300,26,93,0.2
3206,2021-02-11,1400,27.4,81,0.6
3207,2021-02-11,1500,28.2,78,0.3
3208,2021-02-11,1600,28.5,75,1.7
3209,2021-02-11,1700,29.7,70,0.7
3210,2021-02-11,1800,30.9,68,1.3
3211,2021-02-11,1900,29,71,1.1
3212,2021-02-11,2000,29.2,68,1.2
3213,2021-02-11,2100,28.1,75,0.7
3214,2021-02-11,2200,27.5,78,0.6
3215,2021-02-11,2300,27,82,0.6
3216,2021-02-12,0000,26.8,85,0.5
3217,2021-02-12,0100,26.5,88,0.2
3218,2021-02-12,0200,26.6,87,0.1
3219,2021-02-12,0300,26.2,89,0
3220,2021-02-12,0400,25.8,90,0
3221,2021-02-12,0500,25.8,92,0
3222,2021-02-12,0600,25.3,91,0.2
3223,2021-02-12,0700,25.1,93,0
3224,2021-02-12,0800,25,94,0
3225,2021-02-12,0900,24.7,95,0.7
3226,2021-02-12,1000,25.1,95,0
3227,2021-02-12,1100,25.8,92,0
3228,2021-02-12,1200,27.3,80,2.3
3229,2021-02-12,1300,28.5,76,1.7
3230,2021-02-12,1400,29.9,70,2.4
3231,2021-02-12,1500,30.5,70,1.4
3232,2021-02-12,1600,30.4,79,0.5
3233,2021-02-12,1700,27.8,82,3.2
3234,2021-02-12,1800,30.1,68,2.3
3235,2021-02-12,1900,28.8,69,2.6
3236,2021-02-12,2000,29,70,1.4
3237,2021-02-12,2100,27.9,73,0.7
3238,2021-02-12,2200,26.7,80,1.3
3239,2021-02-12,2300,26.2,84,0.3
3240,2021-02-13,0000,26,87,0
3241,2021-02-13,0100,25.5,91,0
3242,2021-02-13,0200,25.7,91,0
3243,2021-02-13,0300,25.3,93,0.1
3244,2021-02-13,0400,25.1,93,0.1
3245,2021-02-13,0500,24.9,93,0
3246,2021-02-13,0600,24.6,94,0
3247,2021-02-13,0700,24.5,95,0
3248,2021-02-13,0800,24.1,95,0
3249,2021-02-13,0900,24.1,96,0
3250,2021-02-13,1000,24.6,96,0
3251,2021-02-13,1100,26.2,89,0.2
3252,2021-02-13,1200,28.7,74,0.9
3253,2021-02-13,1300,29.6,72,1.2
3254,2021-02-13,1400,30.8,70,1
3255,2021-02-13,1500,31.1,66,2.3
3256,2021-02-13,1600,27.1,89,1.7
3257,2021-02-13,1700,24.5,93,1.7
3258,2021-02-13,1800,25.2,94,0.3
3259,2021-02-13,1900,25.4,95,0
3260,2021-02-13,2000,25.7,95,0.4
3261,2021-02-13,2100,25.9,94,0
3262,2021-02-13,2200,24.7,95,0.3
3263,2021-02-13,2300,25,95,0.1
3264,2021-02-14,0000,24.7,96,0.5
3265,2021-02-14,0100,24.3,96,0
3266,2021-02-14,0200,24.5,96,0
3267,2021-02-14,0300,24.6,96,0
3268,2021-02-14,0400,24.5,96,0
3269,2021-02-14,0500,24.5,96,0
3270,2021-02-14,0600,24.4,96,0
3271,2021-02-14,0700,24.5,96,0
3272,2021-02-14,0800,24.5,96,0
3273,2021-02-14,0900,24.5,96,0
3274,2021-02-14,1000,24.8,96,0
3275,2021-02-14,1100,25.2,96,0.3
3276,2021-02-14,1200,26.1,95,2.1
3277,2021-02-14,1300,28.1,80,1.6
3278,2021-02-14,1400,29.9,73,1.5
3279,2021-02-14,1500,31.1,68,2
3280,2021-02-14,1600,25.9,90,2.2
3281,2021-02-14,1700,24.9,93,1.5
3282,2021-02-14,1800,25.4,93,0.1
3283,2021-02-14,1900,25.8,91,0.4
3284,2021-02-14,2000,26.6,90,0.1
3285,2021-02-14,2100,26.1,84,1
3286,2021-02-14,2200,25.7,90,0.2
3287,2021-02-14,2300,25.7,90,0.2
3288,2021-02-15,0000,25.3,93,0.1
3289,2021-02-15,0100,25.3,93,0.1
3290,2021-02-15,0200,25.4,92,0.3
3291,2021-02-15,0300,25.5,92,0.1
3292,2021-02-15,0400,25.3,93,0
3293,2021-02-15,0500,25.3,94,0
3294,2021-02-15,0600,25.3,93,0.2
3295,2021-02-15,0700,25.3,93,0.2
3296,2021-02-15,0800,25.2,94,0
3297,2021-02-15,0900,25,94,1.1
3298,2021-02-15,1000,24.4,95,0.1
3299,2021-02-15,1100,24.5,95,0
3300,2021-02-15,1200,24.9,95,0.1
3301,2021-02-15,1300,25.2,95,0.1
3302,2021-02-15,1400,25.3,94,0.5
3303,2021-02-15,1500,25.7,93,0.2
3304,2021-02-15,1600,26.3,92,0.4
3305,2021-02-15,1700,25.4,94,0.5
3306,2021-02-15,1800,26.4,91,0.3
3307,2021-02-15,1900,26.7,82,1.8
3308,2021-02-15,2000,26.9,82,1.5
3309,2021-02-15,2100,25.9,85,1.8
3310,2021-02-15,2200,25.5,88,1.2
3311,2021-02-15,2300,25,89,0.4
3312,2021-02-16,0000,24.9,91,0.2
3313,2021-02-16,0100,24.9,91,0
3314,2021-02-16,0200,24.8,91,0.1
3315,2021-02-16,0300,24.5,93,0
3316,2021-02-16,0400,24.4,94,0.1
3317,2021-02-16,0500,23.9,94,0.2
3318,2021-02-16,0600,24.2,95,0
3319,2021-02-16,0700,22.8,96,0.3
3320,2021-02-16,0800,23,96,1.1
3321,2021-02-16,0900,23.1,96,0
3322,2021-02-16,1000,23.2,96,1.6
3323,2021-02-16,1100,23.4,96,1.4
3324,2021-02-16,1200,23.7,96,0.9
3325,2021-02-16,1300,24,96,1.2
3326,2021-02-16,1400,24.2,96,0.1
3327,2021-02-16,1500,23.7,95,0.1
3328,2021-02-16,1600,24.9,91,0.6
3329,2021-02-16,1700,26.5,80,1.2
3330,2021-02-16,1800,26.3,78,1
3331,2021-02-16,1900,24.9,89,0
3332,2021-02-16,2000,24.1,94,0
3333,2021-02-16,2100,24.1,94,0.6
3334,2021-02-16,2200,23.9,94,0.1
3335,2021-02-16,2300,24,95,0
3336,2021-02-17,0000,24,95,0
3337,2021-02-17,0100,23.9,96,0
3338,2021-02-17,0200,23.8,96,0
3339,2021-02-17,0300,23.8,96,0
3340,2021-02-17,0400,23.7,96,0.1
3341,2021-02-17,0500,23.6,96,0
3342,2021-02-17,0600,23.4,96,0
3343,2021-02-17,0700,23.1,96,0
3344,2021-02-17,0800,23.1,96,0
3345,2021-02-17,0900,23.2,96,0.1
3346,2021-02-17,1000,23.3,96,0.3
3347,2021-02-17,1100,24.4,92,1.1
3348,2021-02-17,1200,26.1,78,0.3
3349,2021-02-17,1300,28.4,74,0.4
3350,2021-02-17,1400,26.8,88,0.8
3351,2021-02-17,1500,25.5,90,1.1
3352,2021-02-17,1600,27.3,92,0.9
3353,2021-02-17,1700,25.4,91,1.6
3354,2021-02-17,1800,25.1,92,1.4
3355,2021-02-17,1900,26.3,87,0.4
3356,2021-02-17,2000,25.4,90,0.4
3357,2021-02-17,2100,24.4,94,0
3358,2021-02-17,2200,23.8,96,0.3
3359,2021-02-17,2300,23.9,96,0.1
3360,2021-02-18,0000,23.6,96,0
3361,2021-02-18,0100,23.6,96,0.1
3362,2021-02-18,0200,23.6,96,0
3363,2021-02-18,0300,23.6,96,0.2
3364,2021-02-18,0400,23.4,96,0
3365,2021-02-18,0500,23.3,96,0
3366,2021-02-18,0600,23.4,96,0
3367,2021-02-18,0700,23.3,96,0
3368,2021-02-18,0800,23.3,96,0
3369,2021-02-18,0900,23.4,96,0
3370,2021-02-18,1000,23.4,96,0
3371,2021-02-18,1100,23.7,96,0
3372,2021-02-18,1200,24.3,96,0
3373,2021-02-18,1300,24.4,96,1.5
3374,2021-02-18,1400,24.9,96,0.2
3375,2021-02-18,1500,25.3,93,1
3376,2021-02-18,1600,27.8,82,0.5
3377,2021-02-18,1700,25.7,86,1
3378,2021-02-18,1800,27.2,79,0.6
3379,2021-02-18,1900,27.1,79,1.5
3380,2021-02-18,2000,26.4,81,0.4
3381,2021-02-18,2100,26.1,84,0.5
3382,2021-02-18,2200,24.4,93,0.2
3383,2021-02-18,2300,24,94,0.1
3384,2021-02-19,0000,23.8,95,0
3385,2021-02-19,0100,23.8,95,0
3386,2021-02-19,0200,23.6,96,0
3387,2021-02-19,0300,23.7,96,0
3388,2021-02-19,0400,23.7,96,0
3389,2021-02-19,0500,23.5,96,0
3390,2021-02-19,0600,23.5,96,0
3391,2021-02-19,0700,23.5,96,0
3392,2021-02-19,0800,23.7,96,0
3393,2021-02-19,0900,23.7,96,0
3394,2021-02-19,1000,23.7,96,0
3395,2021-02-19,1100,24.3,96,0.7
3396,2021-02-19,1200,25.6,88,1.9
3397,2021-02-19,1300,25.4,91,1.7
3398,2021-02-19,1400,26.6,82,1.9
3399,2021-02-19,1500,28.9,69,2.2
3400,2021-02-19,1600,28.6,73,2.3
3401,2021-02-19,1700,29.6,65,1.8
3402,2021-02-19,1800,29.2,66,1.4
3403,2021-02-19,1900,29.2,69,0.9
3404,2021-02-19,2000,27.9,74,0.8
3405,2021-02-19,2100,25.2,84,0.6
3406,2021-02-19,2200,24.2,92,0
3407,2021-02-19,2300,23.8,93,0.2
3408,2021-02-20,0000,24.3,92,0.1
3409,2021-02-20,0100,24.4,91,0.4
3410,2021-02-20,0200,24.3,92,0.3
3411,2021-02-20,0300,24.2,93,0
3412,2021-02-20,0400,23.9,94,0
3413,2021-02-20,0500,23.8,95,0
3414,2021-02-20,0600,23.7,95,0
3415,2021-02-20,0700,23.5,96,0
3416,2021-02-20,0800,23.4,96,0
3417,2021-02-20,0900,23.2,96,0
3418,2021-02-20,1000,23.3,96,0
3419,2021-02-20,1100,25.7,90,1
3420,2021-02-20,1200,28.5,74,1.3
3421,2021-02-20,1300,30.2,69,1.8
3422,2021-02-20,1400,30.6,66,2
3423,2021-02-20,1500,30.1,65,1.6
3424,2021-02-20,1600,28.4,75,1.3
3425,2021-02-20,1700,23.5,95,1.1
3426,2021-02-20,1800,25.1,95,0.2
3427,2021-02-20,1900,23.9,95,0.2
3428,2021-02-20,2000,23.6,95,0
3429,2021-02-20,2100,23.5,96,0
3430,2021-02-20,2200,23.7,96,0
3431,2021-02-20,2300,23.6,96,0
3432,2021-02-21,0000,23.4,96,0.1
3433,2021-02-21,0100,23.2,96,0
3434,2021-02-21,0200,23.4,96,0
3435,2021-02-21,0300,23.4,96,0
3436,2021-02-21,0400,23.4,96,0
3437,2021-02-21,0500,23.5,96,0
3438,2021-02-21,0600,23.4,96,0.2
3439,2021-02-21,0700,23.3,96,0
3440,2021-02-21,0800,23.3,96,0
3441,2021-02-21,0900,23.2,96,0
3442,2021-02-21,1000,23.5,96,0
3443,2021-02-21,1100,26.1,94,1
3444,2021-02-21,1200,27.4,79,0.7
3445,2021-02-21,1300,28.2,74,0.8
3446,2021-02-21,1400,28.7,74,2.3
3447,2021-02-21,1500,30.7,68,0.6
3448,2021-02-21,1600,29.7,69,1.4
3449,2021-02-21,1700,28.6,80,0
3450,2021-02-21,1800,26.7,93,0.8
3451,2021-02-21,1900,23.6,96,0
3452,2021-02-21,2000,24.1,96,0
3453,2021-02-21,2100,24.6,96,0
3454,2021-02-21,2200,24.7,96,0
3455,2021-02-21,2300,24.4,96,0
3456,2021-02-22,0000,24.1,96,0
3457,2021-02-22,0100,24,96,0
3458,2021-02-22,0200,24,96,0
3459,2021-02-22,0300,24.2,96,0
3460,2021-02-22,0400,24.2,96,0
3461,2021-02-22,0500,23.4,96,0
3462,2021-02-22,0600,23.4,96,0
3463,2021-02-22,0700,23.4,96,0
3464,2021-02-22,0800,23.5,96,0
3465,2021-02-22,0900,23.3,96,0
3466,2021-02-22,1000,23.4,96,0
3467,2021-02-22,1100,24,96,0
3468,2021-02-22,1200,24.4,92,0
3469,2021-02-22,1300,25.4,84,0
3470,2021-02-22,1400,23.9,94,0.2
3471,2021-02-22,1500,23.7,93,0
3472,2021-02-22,1600,24.4,91,0
3473,2021-02-22,1700,24.5,93,0
3474,2021-02-22,1800,22.8,95,0.3
3475,2021-02-22,1900,23.1,96,0
3476,2021-02-22,2000,23.5,96,0
3477,2021-02-22,2100,23.3,94,0.2
3478,2021-02-22,2200,23.2,95,0.3
3479,2021-02-22,2300,23.4,91,0.5
3480,2021-02-23,0000,23.2,92,0
3481,2021-02-23,0100,22.9,95,0.1
3482,2021-02-23,0200,23,95,0.5
3483,2021-02-23,0300,22.9,95,0.7
3484,2021-02-23,0400,22.7,96,0
3485,2021-02-23,0500,22.8,96,0.1
3486,2021-02-23,0600,22.7,96,1
3487,2021-02-23,0700,22.5,96,0.4
3488,2021-02-23,0800,22.5,96,0.6
3489,2021-02-23,0900,22.4,96,0.2
3490,2021-02-23,1000,22.4,96,0.3
3491,2021-02-23,1100,23.4,93,0.2
3492,2021-02-23,1200,26.1,86,0.4
3493,2021-02-23,1300,28.8,73,0.9
3494,2021-02-23,1400,30.4,66,1
3495,2021-02-23,1500,31,63,0.7
3496,2021-02-23,1600,31.4,59,2.2
3497,2021-02-23,1700,31.9,56,1.2
3498,2021-02-23,1800,30.7,62,1.1
3499,2021-02-23,1900,27.3,81,1.9
3500,2021-02-23,2000,24.3,95,0
3501,2021-02-23,2100,23.6,95,0
3502,2021-02-23,2200,23.9,96,0
3503,2021-02-23,2300,23.9,96,0
3504,2021-02-24,0000,24,96,0
3505,2021-02-24,0100,24.1,96,0
3506,2021-02-24,0200,24.2,96,0
3507,2021-02-24,0300,24.2,96,0
3508,2021-02-24,0400,24.1,96,0
3509,2021-02-24,0500,24,96,0
3510,2021-02-24,0600,23.7,96,0
3511,2021-02-24,0700,23.6,96,0
3512,2021-02-24,0800,23.3,97,0
3513,2021-02-24,0900,23.1,97,0
3514,2021-02-24,1000,23.6,97,0
3515,2021-02-24,1100,25.4,96,0.1
3516,2021-02-24,1200,27.2,82,0.7
3517,2021-02-24,1300,29.7,74,0.8
3518,2021-02-24,1400,30,66,2.5
3519,2021-02-24,1500,31.5,65,2.8
3520,2021-02-24,1600,32.1,59,0.3
3521,2021-02-24,1700,28.6,78,1.7
3522,2021-02-24,1800,24.2,96,0
3523,2021-02-24,1900,24.6,96,0
3524,2021-02-24,2000,24.9,96,0.1
3525,2021-02-24,2100,25,95,0
3526,2021-02-24,2200,24.7,95,0
3527,2021-02-24,2300,24.7,95,0
3528,2021-02-25,0000,24.7,96,0
3529,2021-02-25,0100,25,95,0
3530,2021-02-25,0200,24.9,95,0
3531,2021-02-25,0300,25,94,0
3532,2021-02-25,0400,24.7,95,0
3533,2021-02-25,0500,24.4,95,0
3534,2021-02-25,0600,24.1,96,0
3535,2021-02-25,0700,24,96,0
3536,2021-02-25,0800,23.8,96,0
3537,2021-02-25,0900,23.6,96,0
3538,2021-02-25,1000,24,96,0
3539,2021-02-25,1100,25.3,96,0
3540,2021-02-25,1200,28.2,81,0
3541,2021-02-25,1300,29.5,74,0.5
3542,2021-02-25,1400,30.7,69,0.6
3543,2021-02-25,1500,30.7,64,1.4
3544,2021-02-25,1600,28.1,75,0.9
3545,2021-02-25,1700,24.8,92,2
3546,2021-02-25,1800,25.3,92,0.1
3547,2021-02-25,1900,26.7,83,0.5
3548,2021-02-25,2000,28.4,74,0.5
3549,2021-02-25,2100,27.2,79,1.3
3550,2021-02-25,2200,26.1,88,0.1
3551,2021-02-25,2300,25.8,91,0.3
3552,2021-02-26,0000,25.6,93,0.1
3553,2021-02-26,0100,25.7,92,0.3
3554,2021-02-26,0200,25.5,92,0.1
3555,2021-02-26,0300,25.2,94,0
3556,2021-02-26,0400,24.8,95,0
3557,2021-02-26,0500,24.7,96,0
3558,2021-02-26,0600,24.5,96,0
3559,2021-02-26,0700,24.3,96,0
3560,2021-02-26,0800,24.2,96,0
3561,2021-02-26,0900,24.2,96,0
3562,2021-02-26,1000,24.3,96,0
3563,2021-02-26,1100,25.5,95,0.2
3564,2021-02-26,1200,27,84,0.3
3565,2021-02-26,1300,28.9,72,1.5
3566,2021-02-26,1400,27.3,81,2.2
3567,2021-02-26,1500,30,70,0.2
3568,2021-02-26,1600,27.4,89,0
3569,2021-02-26,1700,24.7,95,0.4
3570,2021-02-26,1800,22.8,97,0
3571,2021-02-26,1900,23.3,96,0
3572,2021-02-26,2000,23.7,96,0
3573,2021-02-26,2100,24,96,0
3574,2021-02-26,2200,24,96,0
3575,2021-02-26,2300,23.8,96,0
3576,2021-02-27,0000,23.9,96,0
3577,2021-02-27,0100,24,96,0
3578,2021-02-27,0200,24.2,96,0
3579,2021-02-27,0300,24.1,96,0
3580,2021-02-27,0400,24,96,0
3581,2021-02-27,0500,23.8,96,0
3582,2021-02-27,0600,24,97,0
3583,2021-02-27,0700,24,97,0
3584,2021-02-27,0800,24.2,96,0
3585,2021-02-27,0900,24.3,96,0
3586,2021-02-27,1000,24.2,97,0
3587,2021-02-27,1100,24.7,96,0.1
3588,2021-02-27,1200,25.9,93,1
3589,2021-02-27,1300,27.8,82,2.1
3590,2021-02-27,1400,29.7,72,1.4
3591,2021-02-27,1500,30.2,71,2.6
3592,2021-02-27,1600,30.3,69,2.3
3593,2021-02-27,1700,31.3,64,2.9
3594,2021-02-27,1800,28.5,68,0.9
3595,2021-02-27,1900,26.4,73,1.1
3596,2021-02-27,2000,25.8,80,0.4
3597,2021-02-27,2100,25,89,0.8
3598,2021-02-27,2200,24.9,93,0.2
3599,2021-02-27,2300,24.5,94,0
3600,2021-02-28,0000,24.4,95,0
3601,2021-02-28,0100,24.4,95,0
3602,2021-02-28,0200,24.3,95,0
3603,2021-02-28,0300,24.3,95,0.1
3604,2021-02-28,0400,24.2,96,0
3605,2021-02-28,0500,24.1,96,0
3606,2021-02-28,0600,23.9,96,0
3607,2021-02-28,0700,23.8,96,0
3608,2021-02-28,0800,23.8,96,0
3609,2021-02-28,0900,24,96,0
3610,2021-02-28,1000,23.9,96,0
3611,2021-02-28,1100,24.9,96,0.1
3612,2021-02-28,1200,27.8,80,1.1
3613,2021-02-28,1300,28.9,80,1.2
3614,2021-02-28,1400,29.8,71,1.6
3615,2021-02-28,1500,30.8,68,0.7
3616,2021-02-28,1600,30.9,65,1.4
3617,2021-02-28,1700,27.4,80,0.8
3618,2021-02-28,1800,29.6,73,1.4
3619,2021-02-28,1900,28.9,69,1.7
3620,2021-02-28,2000,25.9,90,0.4
3621,2021-02-28,2100,25.6,93,0
3622,2021-02-28,2200,24.9,94,0.3
3623,2021-02-28,2300,24.5,95,1.1
3624,2021-03-01,0000,24.1,94,0.7
3625,2021-03-01,0100,24,93,0.2
3626,2021-03-01,0200,23.8,94,0.3
3627,2021-03-01,0300,23.9,95,0
3628,2021-03-01,0400,23.9,95,0
3629,2021-03-01,0500,23.8,95,0
3630,2021-03-01,0600,23.4,95,0
3631,2021-03-01,0700,23.2,96,0
3632,2021-03-01,0800,23.4,96,0.3
3633,2021-03-01,0900,23.3,96,0
3634,2021-03-01,1000,23.7,96,0
3635,2021-03-01,1100,25.1,92,0
3636,2021-03-01,1200,26.1,84,0
3637,2021-03-01,1300,27.3,79,0.6
3638,2021-03-01,1400,29.1,71,0.6
3639,2021-03-01,1500,29,70,0.8
3640,2021-03-01,1600,26.9,85,0.1
3641,2021-03-01,1700,26.7,81,1.1
3642,2021-03-01,1800,24.9,90,0.2
3643,2021-03-01,1900,22.7,94,0.7
3644,2021-03-01,2000,23.2,94,0.6
3645,2021-03-01,2100,23.6,89,0.7
3646,2021-03-01,2200,23,92,0
3647,2021-03-01,2300,22.8,94,0
3648,2021-03-02,0000,22.7,95,0
3649,2021-03-02,0100,22.5,96,0
3650,2021-03-02,0200,22.7,96,0
3651,2021-03-02,0300,22.6,96,0
3652,2021-03-02,0400,22.6,96,0
3653,2021-03-02,0500,22.5,96,0
3654,2021-03-02,0600,22.8,96,0.3
3655,2021-03-02,0700,22.8,96,2.5
3656,2021-03-02,0800,22.2,95,1.1
3657,2021-03-02,0900,22,95,2.3
3658,2021-03-02,1000,22,95,0.2
3659,2021-03-02,1100,23.2,94,0.4
3660,2021-03-02,1200,25.5,81,0.5
3661,2021-03-02,1300,27,76,0.8
3662,2021-03-02,1400,28.4,71,1.7
3663,2021-03-02,1500,29.8,68,1.1
3664,2021-03-02,1600,30.7,68,2.4
3665,2021-03-02,1700,29.1,67,1.3
3666,2021-03-02,1800,27.7,80,1.3
3667,2021-03-02,1900,24.8,83,2.4
3668,2021-03-02,2000,23.6,95,0.5
3669,2021-03-02,2100,24.4,94,0
3670,2021-03-02,2200,24.2,95,0.1
3671,2021-03-02,2300,24.4,93,0
3672,2021-03-03,0000,24.5,94,0
3673,2021-03-03,0100,24.4,95,0
3674,2021-03-03,0200,24.5,95,0
3675,2021-03-03,0300,24,95,0
3676,2021-03-03,0400,23.7,96,0
3677,2021-03-03,0500,23.6,96,0
3678,2021-03-03,0600,23.6,96,0
3679,2021-03-03,0700,23.6,96,0
3680,2021-03-03,0800,23.6,96,0
3681,2021-03-03,0900,23.9,96,1.3
3682,2021-03-03,1000,23.7,96,1.1
3683,2021-03-03,1100,24.5,92,1.2
3684,2021-03-03,1200,26.8,81,1.5
3685,2021-03-03,1300,29.6,68,2.3
3686,2021-03-03,1400,31.1,63,2.7
3687,2021-03-03,1500,32.1,57,3
3688,2021-03-03,1600,30.8,59,3.2
3689,2021-03-03,1700,32.6,55,2.4
3690,2021-03-03,1800,25.4,84,3.6
3691,2021-03-03,1900,24.1,96,0.3
3692,2021-03-03,2000,23.8,95,0.1
3693,2021-03-03,2100,24.1,96,0
3694,2021-03-03,2200,24.2,96,0.3
3695,2021-03-03,2300,24.1,95,0.1
3696,2021-03-04,0000,24.1,96,0
3697,2021-03-04,0100,24.2,95,0
3698,2021-03-04,0200,24.1,96,0
3699,2021-03-04,0300,24,96,0
3700,2021-03-04,0400,24,96,0
3701,2021-03-04,0500,23.8,96,0
3702,2021-03-04,0600,23.5,96,0
3703,2021-03-04,0700,23.3,97,0
3704,2021-03-04,0800,23.1,97,0
3705,2021-03-04,0900,23.2,97,0
3706,2021-03-04,1000,23.7,97,0
3707,2021-03-04,1100,25.3,96,0
3708,2021-03-04,1200,28.5,77,1.4
3709,2021-03-04,1300,29.7,68,1.8
3710,2021-03-04,1400,30.1,67,0.8
3711,2021-03-04,1500,30.1,74,2.7
3712,2021-03-04,1600,31.6,64,1.2
3713,2021-03-04,1700,30.6,62,1.3
3714,2021-03-04,1800,26.2,80,1.4
3715,2021-03-04,1900,26,82,0.5
3716,2021-03-04,2000,26.2,81,0.1
3717,2021-03-04,2100,26,82,0.7
3718,2021-03-04,2200,25.6,86,0
3719,2021-03-04,2300,25.5,88,0.2
3720,2021-03-05,0000,25.1,90,0
3721,2021-03-05,0100,24.4,94,0
3722,2021-03-05,0200,24,95,0.1
3723,2021-03-05,0300,24,95,0
3724,2021-03-05,0400,24.1,96,0.6
3725,2021-03-05,0500,24,96,1
3726,2021-03-05,0600,23.5,96,0.6
3727,2021-03-05,0700,23.6,95,0.2
3728,2021-03-05,0800,23.5,96,0
3729,2021-03-05,0900,23.8,96,0
3730,2021-03-05,1000,24.1,96,0.3
3731,2021-03-05,1100,24.2,96,0.5
3732,2021-03-05,1200,25.6,92,0.3
3733,2021-03-05,1300,29,76,0.9
3734,2021-03-05,1400,30.2,66,1.9
3735,2021-03-05,1500,31.3,59,0.9
3736,2021-03-05,1600,30.5,65,2.6
3737,2021-03-05,1700,30.2,66,1.6
3738,2021-03-05,1800,32.8,59,1.1
3739,2021-03-05,1900,28.3,74,1.5
3740,2021-03-05,2000,25.6,91,0.3
3741,2021-03-05,2100,23.6,94,1
3742,2021-03-05,2200,23.6,95,0.4
3743,2021-03-05,2300,24,96,0.4
3744,2021-03-06,0000,23.8,96,0
3745,2021-03-06,0100,23.9,96,0
3746,2021-03-06,0200,24,96,0
3747,2021-03-06,0300,24,96,0
3748,2021-03-06,0400,23.9,96,0
3749,2021-03-06,0500,23.8,96,0
3750,2021-03-06,0600,23.7,96,0
3751,2021-03-06,0700,23.5,97,0
3752,2021-03-06,0800,23.5,97,0
3753,2021-03-06,0900,23.4,97,0
3754,2021-03-06,1000,23.7,97,0
3755,2021-03-06,1100,26.1,90,0
3756,2021-03-06,1200,29,76,0.9
3757,2021-03-06,1300,30.5,72,1.6
3758,2021-03-06,1400,30.5,68,2
3759,2021-03-06,1500,29.6,73,1.8
3760,2021-03-06,1600,25.9,89,1
3761,2021-03-06,1700,24.9,95,0
3762,2021-03-06,1800,25.1,96,0
3763,2021-03-06,1900,24.7,96,0
3764,2021-03-06,2000,25,96,0.2
3765,2021-03-06,2100,24.9,95,0
3766,2021-03-06,2200,24.9,96,0
3767,2021-03-06,2300,24.7,96,0.1
3768,2021-03-07,0000,24.5,96,0
3769,2021-03-07,0100,24.3,96,0
3770,2021-03-07,0200,24.2,96,0
3771,2021-03-07,0300,24.1,97,0
3772,2021-03-07,0400,23.9,97,0
3773,2021-03-07,0500,23.7,97,0
3774,2021-03-07,0600,23.7,97,0
3775,2021-03-07,0700,23.5,97,0
3776,2021-03-07,0800,23.4,97,0
3777,2021-03-07,0900,23.5,97,0
3778,2021-03-07,1000,23.8,97,0.1
3779,2021-03-07,1100,25,96,1.3
3780,2021-03-07,1200,27.8,79,1.4
3781,2021-03-07,1300,30.5,70,0.9
3782,2021-03-07,1400,29.3,70,1.1
3783,2021-03-07,1500,31.1,64,0.6
3784,2021-03-07,1600,31.3,64,1.5
3785,2021-03-07,1700,32.1,61,2.1
3786,2021-03-07,1800,31,60,1.3
3787,2021-03-07,1900,31.6,60,0.7
3788,2021-03-07,2000,29.9,65,0.7
3789,2021-03-07,2100,28.8,70,0.6
3790,2021-03-07,2200,27.4,76,1.5
3791,2021-03-07,2300,26.7,79,0.6
3792,2021-03-08,0000,26.2,83,0.3
3793,2021-03-08,0100,25.7,87,0.3
3794,2021-03-08,0200,25.4,89,0
3795,2021-03-08,0300,25,91,0.1
3796,2021-03-08,0400,24.8,91,0
3797,2021-03-08,0500,24.4,93,0
3798,2021-03-08,0600,24.2,94,0
3799,2021-03-08,0700,23.9,95,0
3800,2021-03-08,0800,23.7,96,0
3801,2021-03-08,0900,23.6,96,0
3802,2021-03-08,1000,24.2,96,0
3803,2021-03-08,1100,25.6,91,0.5
3804,2021-03-08,1200,28.2,77,0.5
3805,2021-03-08,1300,29.4,71,1.1
3806,2021-03-08,1400,29.7,68,0.8
3807,2021-03-08,1500,31.6,63,0.5
3808,2021-03-08,1600,28.7,76,0.4
3809,2021-03-08,1700,28.1,84,2.5
3810,2021-03-08,1800,27.6,83,1.3
3811,2021-03-08,1900,28.3,76,0.9
3812,2021-03-08,2000,28.3,71,0.6
3813,2021-03-08,2100,27.7,76,0.2
3814,2021-03-08,2200,25.4,91,1
3815,2021-03-08,2300,25.2,95,0.2
3816,2021-03-09,0000,25.1,96,0
3817,2021-03-09,0100,25.1,93,0.3
3818,2021-03-09,0200,24.7,94,0.7
3819,2021-03-09,0300,24.4,93,0.4
3820,2021-03-09,0400,24.3,92,0.3
3821,2021-03-09,0500,24.2,93,0
3822,2021-03-09,0600,24.1,94,0
3823,2021-03-09,0700,23.9,95,0
3824,2021-03-09,0800,24.1,95,0
3825,2021-03-09,0900,24,96,0
3826,2021-03-09,1000,23.9,95,0
3827,2021-03-09,1100,25.3,89,0.3
3828,2021-03-09,1200,26.5,81,0.3
3829,2021-03-09,1300,27.6,76,1.6
3830,2021-03-09,1400,28,78,1.4
3831,2021-03-09,1500,29.7,69,1.5
3832,2021-03-09,1600,30.5,66,1.4
3833,2021-03-09,1700,30.4,62,0.7
3834,2021-03-09,1800,29.1,72,1.2
3835,2021-03-09,1900,28.4,75,1.9
3836,2021-03-09,2000,25.6,93,0.4
3837,2021-03-09,2100,26,88,1.1
3838,2021-03-09,2200,25.8,87,1
3839,2021-03-09,2300,25.6,87,0.7
3840,2021-03-10,0000,25.4,90,0.1
3841,2021-03-10,0100,24.9,94,0
3842,2021-03-10,0200,24.5,95,0
3843,2021-03-10,0300,24.4,95,0
3844,2021-03-10,0400,24.3,96,0
3845,2021-03-10,0500,24.3,96,0.1
3846,2021-03-10,0600,24.2,96,0
3847,2021-03-10,0700,24.2,96,0
3848,2021-03-10,0800,24.2,96,0
3849,2021-03-10,0900,24.2,96,0
3850,2021-03-10,1000,24.4,96,0.3
3851,2021-03-10,1100,24.8,95,0.1
3852,2021-03-10,1200,25.7,87,1.6
3853,2021-03-10,1300,27,77,0.5
3854,2021-03-10,1400,27.7,70,0.5
3855,2021-03-10,1500,29.4,68,0.6
3856,2021-03-10,1600,29.2,67,0.7
3857,2021-03-10,1700,28.3,66,0.3
3858,2021-03-10,1800,28.8,67,0.4
3859,2021-03-10,1900,28.6,68,0.2
3860,2021-03-10,2000,28.8,71,1
3861,2021-03-10,2100,28.1,72,0.7
3862,2021-03-10,2200,26.7,79,0.3
3863,2021-03-10,2300,26.2,83,1
3864,2021-03-11,0000,26,86,0.4
3865,2021-03-11,0100,25.6,87,0.5
3866,2021-03-11,0200,25.3,88,0.3
3867,2021-03-11,0300,25.1,89,0.1
3868,2021-03-11,0400,25,90,0
3869,2021-03-11,0500,24.4,94,0
3870,2021-03-11,0600,24.2,95,0
3871,2021-03-11,0700,24.4,95,0
3872,2021-03-11,0800,24.3,96,0
3873,2021-03-11,0900,24.3,96,0
3874,2021-03-11,1000,24.6,96,0
3875,2021-03-11,1100,25.9,93,0
3876,2021-03-11,1200,28,80,0.1
3877,2021-03-11,1300,30.1,68,0.2
3878,2021-03-11,1400,29,71,1
3879,2021-03-11,1500,29.2,70,1.9
3880,2021-03-11,1600,25.6,93,1.2
3881,2021-03-11,1700,24.2,96,1.2
3882,2021-03-11,1800,25.3,92,0.3
3883,2021-03-11,1900,27.2,79,0.7
3884,2021-03-11,2000,26.6,83,1
3885,2021-03-11,2100,25.4,93,0.6
3886,2021-03-11,2200,24.5,95,0
3887,2021-03-11,2300,23.5,95,3
3888,2021-03-12,0000,23,97,0
3889,2021-03-12,0100,23,97,0
3890,2021-03-12,0200,23.2,97,0
3891,2021-03-12,0300,23.2,97,0
3892,2021-03-12,0400,23.3,97,0
3893,2021-03-12,0500,22.9,97,0
3894,2021-03-12,0600,22.9,97,0
3895,2021-03-12,0700,22.8,97,0
3896,2021-03-12,0800,22.9,97,0
3897,2021-03-12,0900,22.6,97,0
3898,2021-03-12,1000,23.1,97,0
3899,2021-03-12,1100,23.9,97,0
3900,2021-03-12,1200,26.9,80,0
3901,2021-03-12,1300,27,82,0
3902,2021-03-12,1400,27.5,78,0
3903,2021-03-12,1500,30.1,70,0
3904,2021-03-12,1600,28.3,74,0.5
3905,2021-03-12,1700,24.3,93,0
3906,2021-03-12,1800,24.6,93,0
3907,2021-03-12,1900,24.6,95,0
3908,2021-03-12,2000,24.8,94,0
3909,2021-03-12,2100,25.2,95,0
3910,2021-03-12,2200,24.4,94,0
3911,2021-03-12,2300,24,94,0
3912,2021-03-13,0000,24,95,0
3913,2021-03-13,0100,24,95,0
3914,2021-03-13,0200,23.8,96,0
3915,2021-03-13,0300,23.5,96,0
3916,2021-03-13,0400,23.3,96,0
3917,2021-03-13,0500,23.1,97,0
3918,2021-03-13,0600,23,97,0
3919,2021-03-13,0700,23,97,0
3920,2021-03-13,0800,22.7,97,0
3921,2021-03-13,0900,22.9,97,0
3922,2021-03-13,1000,23.4,97,0
3923,2021-03-13,1100,24.7,97,0
3924,2021-03-13,1200,27.9,79,0
3925,2021-03-13,1300,29.5,73,0.3
3926,2021-03-13,1400,29.7,67,0.3
3927,2021-03-13,1500,30.6,67,1.2
3928,2021-03-13,1600,30.2,65,1.3
3929,2021-03-13,1700,27.9,72,0.7
3930,2021-03-13,1800,28.9,70,1.5
3931,2021-03-13,1900,28.6,73,0.9
3932,2021-03-13,2000,28,75,1.1
3933,2021-03-13,2100,27.1,80,1.5
3934,2021-03-13,2200,25.9,77,0.2
3935,2021-03-13,2300,25.6,85,0.3
3936,2021-03-14,0000,25.6,85,0.1
3937,2021-03-14,0100,24.7,93,0
3938,2021-03-14,0200,24.6,94,0
3939,2021-03-14,0300,24.7,94,0
3940,2021-03-14,0400,24.6,94,0
3941,2021-03-14,0500,24.6,94,0
3942,2021-03-14,0600,24.2,95,0
3943,2021-03-14,0700,23.9,96,0
3944,2021-03-14,0800,23.7,96,0
3945,2021-03-14,0900,23.4,96,0
3946,2021-03-14,1000,23.8,97,0
3947,2021-03-14,1100,26.7,82,0.1
3948,2021-03-14,1200,29.3,70,0.8
3949,2021-03-14,1300,30,66,0.6
3950,2021-03-14,1400,31.4,63,1.1
3951,2021-03-14,1500,30.6,62,1.6
3952,2021-03-14,1600,30.7,64,1.4
3953,2021-03-14,1700,30,70,1.6
3954,2021-03-14,1800,30.5,66,1.2
3955,2021-03-14,1900,25.3,86,0.4
3956,2021-03-14,2000,25,80,0.2
3957,2021-03-14,2100,23.8,87,1.2
3958,2021-03-14,2200,24.2,84,0
3959,2021-03-14,2300,24.6,84,0
3960,2021-03-15,0000,25,85,0
3961,2021-03-15,0100,24.9,87,0
3962,2021-03-15,0200,24.6,90,0
3963,2021-03-15,0300,24.1,93,0
3964,2021-03-15,0400,24.2,95,0
3965,2021-03-15,0500,24.3,94,0
3966,2021-03-15,0600,23.9,96,0
3967,2021-03-15,0700,23.9,96,0
3968,2021-03-15,0800,23.7,96,0
3969,2021-03-15,0900,23.6,96,0
3970,2021-03-15,1000,24,96,0
3971,2021-03-15,1100,26.5,83,0.7
3972,2021-03-15,1200,28.2,77,0.5
3973,2021-03-15,1300,29.4,71,0.3
3974,2021-03-15,1400,30.4,64,1
3975,2021-03-15,1500,31.2,59,0.9
3976,2021-03-15,1600,32,53,1.3
3977,2021-03-15,1700,29.4,71,2.7
3978,2021-03-15,1800,26.5,93,0.2
3979,2021-03-15,1900,23.4,93,1.4
3980,2021-03-15,2000,23.9,96,0.1
3981,2021-03-15,2100,24.1,96,0.4
3982,2021-03-15,2200,24.1,96,0.1
3983,2021-03-15,2300,24,96,0.5
3984,2021-03-16,0000,23.9,96,0.2
3985,2021-03-16,0100,23.6,96,0
3986,2021-03-16,0200,23.4,96,0
3987,2021-03-16,0300,23.2,96,0
3988,2021-03-16,0400,23.1,96,0
3989,2021-03-16,0500,23.1,96,0
3990,2021-03-16,0600,23,97,0
3991,2021-03-16,0700,22.8,97,0
3992,2021-03-16,0800,22.6,97,0
3993,2021-03-16,0900,22.9,97,0
3994,2021-03-16,1000,23.5,97,0.1
3995,2021-03-16,1100,24.8,96,1.1
3996,2021-03-16,1200,27.5,79,0.4
3997,2021-03-16,1300,30.1,71,1.3
3998,2021-03-16,1400,30.8,65,1.7
3999,2021-03-16,1500,31,61,0.6
4000,2021-03-16,1600,30.6,68,2.3
4001,2021-03-16,1700,30.5,67,2
4002,2021-03-16,1800,27.3,91,0.1
4003,2021-03-16,1900,24.5,96,1.3
4004,2021-03-16,2000,25.6,92,0.3
4005,2021-03-16,2100,26.1,87,0.5
4006,2021-03-16,2200,25.9,89,0.8
4007,2021-03-16,2300,25.2,93,0.2
4008,2021-03-17,0000,25.2,91,0.1
4009,2021-03-17,0100,25.2,90,0.2
4010,2021-03-17,0200,25,92,0
4011,2021-03-17,0300,25.1,92,0.1
4012,2021-03-17,0400,24.8,93,0
4013,2021-03-17,0500,23.1,96,2
4014,2021-03-17,0600,22.8,97,0
4015,2021-03-17,0700,22.9,97,0
4016,2021-03-17,0800,23,97,0.3
4017,2021-03-17,0900,23.2,97,0.2
4018,2021-03-17,1000,23.8,97,0.2
4019,2021-03-17,1100,25.5,93,0.6
4020,2021-03-17,1200,27.4,78,0.8
4021,2021-03-17,1300,29.1,71,1.2
4022,2021-03-17,1400,29.9,67,1.5
4023,2021-03-17,1500,29.3,71,2.5
4024,2021-03-17,1600,29.3,71,2.1
4025,2021-03-17,1700,24.9,92,1.5
4026,2021-03-17,1800,24.6,95,0.4
4027,2021-03-17,1900,25.5,95,0.3
4028,2021-03-17,2000,25.5,94,0.1
4029,2021-03-17,2100,23.9,94,0.7
4030,2021-03-17,2200,24,96,0.1
4031,2021-03-17,2300,23.9,96,0.1
4032,2021-03-18,0000,24,96,0
4033,2021-03-18,0100,24,96,0.2
4034,2021-03-18,0200,24,96,0
4035,2021-03-18,0300,24,96,0.1
4036,2021-03-18,0400,23.9,96,0
4037,2021-03-18,0500,23.6,96,0
4038,2021-03-18,0600,23.3,96,0
4039,2021-03-18,0700,23.4,97,0
4040,2021-03-18,0800,23.3,97,0.1
4041,2021-03-18,0900,23.1,97,0
4042,2021-03-18,1000,23.3,97,0
4043,2021-03-18,1100,24.8,96,0.2
4044,2021-03-18,1200,26.9,82,1.6
4045,2021-03-18,1300,28.1,76,1.6
4046,2021-03-18,1400,28.6,78,1.7
4047,2021-03-18,1500,30.5,59,0.5
4048,2021-03-18,1600,31.9,57,0.8
4049,2021-03-18,1700,23.8,96,0.3
4050,2021-03-18,1800,23.9,95,0.5
4051,2021-03-18,1900,25.6,94,1.5
4052,2021-03-18,2000,26.2,88,1.7
4053,2021-03-18,2100,25.7,86,0.5
4054,2021-03-18,2200,24.7,91,0.1
4055,2021-03-18,2300,24.4,93,0
4056,2021-03-19,0000,24.3,95,0
4057,2021-03-19,0100,24.2,96,0
4058,2021-03-19,0200,24.1,96,0
4059,2021-03-19,0300,24,96,0
4060,2021-03-19,0400,23.9,97,0
4061,2021-03-19,0500,24,97,0
4062,2021-03-19,0600,23.9,97,0
4063,2021-03-19,0700,24.1,97,0
4064,2021-03-19,0800,24,95,1.1
4065,2021-03-19,0900,24.3,93,0.3
4066,2021-03-19,1000,24.5,92,0.4
4067,2021-03-19,1100,25.6,84,0.7
4068,2021-03-19,1200,26.7,78,0.7
4069,2021-03-19,1300,27.9,73,1.1
4070,2021-03-19,1400,28,71,1.5
4071,2021-03-19,1500,28.7,67,0.8
4072,2021-03-19,1600,29,67,1.7
4073,2021-03-19,1700,30.4,61,2
4074,2021-03-19,1800,30,60,1.7
4075,2021-03-19,1900,26.4,80,0.8
4076,2021-03-19,2000,25.8,91,0.4
4077,2021-03-19,2100,25.7,92,0.3
4078,2021-03-19,2200,25.4,92,0.4
4079,2021-03-19,2300,24.4,93,1.6
4080,2021-03-20,0000,24,96,0.1
4081,2021-03-20,0100,24.2,96,0
4082,2021-03-20,0200,24.1,96,0
4083,2021-03-20,0300,24.1,97,0.1
4084,2021-03-20,0400,24.2,97,0
4085,2021-03-20,0500,24.1,97,0
4086,2021-03-20,0600,23,95,0.9
4087,2021-03-20,0700,22.7,96,0.8
4088,2021-03-20,0800,22.5,97,0
4089,2021-03-20,0900,22.6,97,0
4090,2021-03-20,1000,22.8,97,0.1
4091,2021-03-20,1100,23.6,96,0.6
4092,2021-03-20,1200,26.4,82,0.3
4093,2021-03-20,1300,27.4,72,0.8
4094,2021-03-20,1400,29.5,66,1.3
4095,2021-03-20,1500,29.5,60,1.2
4096,2021-03-20,1600,30.1,62,0.2
4097,2021-03-20,1700,32.4,53,0.2
4098,2021-03-20,1800,29.7,62,1.1
4099,2021-03-20,1900,30.1,66,0.7
4100,2021-03-20,2000,30.9,56,0.9
4101,2021-03-20,2100,29.2,58,0
4102,2021-03-20,2200,27.5,72,0
4103,2021-03-20,2300,26.6,81,1.8
4104,2021-03-21,0000,25.6,89,0.4
4105,2021-03-21,0100,25.4,88,0.1
4106,2021-03-21,0200,25,91,0.1
4107,2021-03-21,0300,24.9,91,0
4108,2021-03-21,0400,24.8,94,0
4109,2021-03-21,0500,24.5,94,0
4110,2021-03-21,0600,24.2,95,0
4111,2021-03-21,0700,24.1,95,0.1
4112,2021-03-21,0800,23.7,96,0
4113,2021-03-21,0900,23.5,96,0
4114,2021-03-21,1000,24.3,96,0
4115,2021-03-21,1100,27.2,84,0.3
4116,2021-03-21,1200,28.5,72,0.5
4117,2021-03-21,1300,30,67,0.3
4118,2021-03-21,1400,30.5,63,1.5
4119,2021-03-21,1500,31.5,61,1.7
4120,2021-03-21,1600,31.7,65,1.2
4121,2021-03-21,1700,25.6,91,1.8
4122,2021-03-21,1800,26.3,83,1.2
4123,2021-03-21,1900,26.9,80,1.5
4124,2021-03-21,2000,26.6,81,0.6
4125,2021-03-21,2100,26.6,82,0.1
4126,2021-03-21,2200,23.7,96,0.1
4127,2021-03-21,2300,23.7,97,1.3
4128,2021-03-22,0000,23.4,96,0.3
4129,2021-03-22,0100,23.6,97,0.1
4130,2021-03-22,0200,23.5,97,0
4131,2021-03-22,0300,23.7,97,0
4132,2021-03-22,0400,23.7,97,0
4133,2021-03-22,0500,23.6,97,0
4134,2021-03-22,0600,23.8,97,0
4135,2021-03-22,0700,23.8,97,0
4136,2021-03-22,0800,23.8,97,0.6
4137,2021-03-22,0900,23.6,97,0.1
4138,2021-03-22,1000,23.9,97,0
4139,2021-03-22,1100,24.2,97,0
4140,2021-03-22,1200,25.1,97,0.1
4141,2021-03-22,1300,25.9,91,1.3
4142,2021-03-22,1400,26.5,85,1.2
4143,2021-03-22,1500,27.5,77,1.6
4144,2021-03-22,1600,29,76,0.3
4145,2021-03-22,1700,29.1,68,1.2
4146,2021-03-22,1800,23.5,86,7.2
4147,2021-03-22,1900,22.6,94,1.8
4148,2021-03-22,2000,23.1,93,0.4
4149,2021-03-22,2100,23.9,91,0.7
4150,2021-03-22,2200,23.9,92,0
4151,2021-03-22,2300,23.3,95,0.4
4152,2021-03-23,0000,23.1,96,0
4153,2021-03-23,0100,23.2,97,0.7
4154,2021-03-23,0200,23.3,96,0.4
4155,2021-03-23,0300,23.2,96,0
4156,2021-03-23,0400,23,97,0
4157,2021-03-23,0500,22.7,97,0.1
4158,2021-03-23,0600,22.7,97,0.2
4159,2021-03-23,0700,22.5,97,0.1
4160,2021-03-23,0800,22.5,97,0
4161,2021-03-23,0900,22.6,97,0.5
4162,2021-03-23,1000,23,97,0.4
4163,2021-03-23,1100,23.5,97,0.5
4164,2021-03-23,1200,25.2,94,1.2
4165,2021-03-23,1300,26.8,84,1.5
4166,2021-03-23,1400,29.4,67,1.2
4167,2021-03-23,1500,31.3,61,0.7
4168,2021-03-23,1600,31.4,66,1.8
4169,2021-03-23,1700,30.8,63,2.5
4170,2021-03-23,1800,31.1,64,2
4171,2021-03-23,1900,29.8,71,2.3
4172,2021-03-23,2000,27.5,76,1.9
4173,2021-03-23,2100,26.9,78,0.3
4174,2021-03-23,2200,26,82,0.5
4175,2021-03-23,2300,25.7,83,0
4176,2021-03-24,0000,25.5,89,0.2
4177,2021-03-24,0100,24.9,94,0.3
4178,2021-03-24,0200,24.6,95,0.6
4179,2021-03-24,0300,24.4,96,0
4180,2021-03-24,0400,24.6,96,0
4181,2021-03-24,0500,24.4,96,0
4182,2021-03-24,0600,24.2,96,0.1
4183,2021-03-24,0700,24.4,96,0
4184,2021-03-24,0800,24.5,96,0
4185,2021-03-24,0900,24.3,96,0.1
4186,2021-03-24,1000,24.5,96,0
4187,2021-03-24,1100,25.8,93,0.1
4188,2021-03-24,1200,28.1,77,0.9
4189,2021-03-24,1300,28.8,74,0.7
4190,2021-03-24,1400,28.8,73,1.7
4191,2021-03-24,1500,30.1,65,1.2
4192,2021-03-24,1600,30.9,65,1.4
4193,2021-03-24,1700,25.5,93,0.3
4194,2021-03-24,1800,26.7,91,0.9
4195,2021-03-24,1900,27.1,87,0.7
4196,2021-03-24,2000,26.8,85,0.3
4197,2021-03-24,2100,25.7,94,0.3
4198,2021-03-24,2200,25.1,96,1.7
4199,2021-03-24,2300,25.1,96,0
4200,2021-03-25,0000,24.9,96,0
4201,2021-03-25,0100,24.8,97,0
4202,2021-03-25,0200,24.5,97,0
4203,2021-03-25,0300,24.3,97,0
4204,2021-03-25,0400,24.2,97,0
4205,2021-03-25,0500,24.1,97,0
4206,2021-03-25,0600,23.9,97,0
4207,2021-03-25,0700,24,97,0
4208,2021-03-25,0800,23.2,97,0.3
4209,2021-03-25,0900,23.3,97,0
4210,2021-03-25,1000,24.1,97,0
4211,2021-03-25,1100,23.8,97,0.3
4212,2021-03-25,1200,24.8,93,0.2
4213,2021-03-25,1300,27.3,77,0.3
4214,2021-03-25,1400,27.3,80,1.6
4215,2021-03-25,1500,27.9,78,1.6
4216,2021-03-25,1600,27.4,79,0.8
4217,2021-03-25,1700,27.2,81,1.6
4218,2021-03-25,1800,28.1,76,1.3
4219,2021-03-25,1900,27.6,77,1.6
4220,2021-03-25,2000,27,80,0.4
4221,2021-03-25,2100,26.5,80,0
4222,2021-03-25,2200,25.9,85,0
4223,2021-03-25,2300,24.9,93,0
4224,2021-03-26,0000,24.7,95,0
4225,2021-03-26,0100,24.5,96,0
4226,2021-03-26,0200,24,96,0.1
4227,2021-03-26,0300,23.9,96,0.1
4228,2021-03-26,0400,23.7,96,0
4229,2021-03-26,0500,23.7,96,0
4230,2021-03-26,0600,23.4,97,0
4231,2021-03-26,0700,23.5,97,0
4232,2021-03-26,0800,23.3,97,0
4233,2021-03-26,0900,23.3,97,0
4234,2021-03-26,1000,23.7,97,0
4235,2021-03-26,1100,25.5,81,1.8
4236,2021-03-26,1200,27,71,1.2
4237,2021-03-26,1300,28.5,69,1.5
4238,2021-03-26,1400,28.6,69,1.3
4239,2021-03-26,1500,29,68,1
4240,2021-03-26,1600,28.2,74,1.4
4241,2021-03-26,1700,28.2,70,0.1
4242,2021-03-26,1800,28.3,76,0.9
4243,2021-03-26,1900,30.4,66,0.7
4244,2021-03-26,2000,28.1,73,1
4245,2021-03-26,2100,26.9,78,1
4246,2021-03-26,2200,26.2,80,0.8
4247,2021-03-26,2300,26.1,82,0.7
4248,2021-03-27,0000,25.9,82,0.4
4249,2021-03-27,0100,25.4,89,0.2
4250,2021-03-27,0200,25.1,86,0.1
4251,2021-03-27,0300,24.7,88,0
4252,2021-03-27,0400,24.3,92,0.1
4253,2021-03-27,0500,24.1,94,0
4254,2021-03-27,0600,23.8,95,0
4255,2021-03-27,0700,23.6,96,0.3
4256,2021-03-27,0800,23.8,96,1.3
4257,2021-03-27,0900,23.3,95,1.1
4258,2021-03-27,1000,23.2,95,0.3
4259,2021-03-27,1100,24.8,89,0.8
4260,2021-03-27,1200,25.4,78,2.3
4261,2021-03-27,1300,26.2,76,1.3
4262,2021-03-27,1400,26.8,75,0.3
4263,2021-03-27,1500,27.2,73,0
4264,2021-03-27,1600,28.7,70,0
4265,2021-03-27,1700,29,67,0.8
4266,2021-03-27,1800,30,61,0.5
4267,2021-03-27,1900,29.9,64,0.4
4268,2021-03-27,2000,24.5,84,2.1
4269,2021-03-27,2100,24.5,96,0.9
4270,2021-03-27,2200,24.4,95,0.6
4271,2021-03-27,2300,24.5,95,0.2
4272,2021-03-28,0000,24.8,95,0.1
4273,2021-03-28,0100,24.9,94,0
4274,2021-03-28,0200,24.5,95,0.2
4275,2021-03-28,0300,24.4,96,0
4276,2021-03-28,0400,24.3,96,0
4277,2021-03-28,0500,24,97,0.1
4278,2021-03-28,0600,23.8,97,0
4279,2021-03-28,0700,23.8,97,0
4280,2021-03-28,0800,23.8,97,0
4281,2021-03-28,0900,23.8,97,0.3
4282,2021-03-28,1000,23.9,97,0.1
4283,2021-03-28,1100,25.2,94,0.4
4284,2021-03-28,1200,27.3,80,0.8
4285,2021-03-28,1300,29,72,1.9
4286,2021-03-28,1400,29.6,72,1.3
4287,2021-03-28,1500,31.7,63,1
4288,2021-03-28,1600,30.8,64,1.4
4289,2021-03-28,1700,25.7,84,2.4
4290,2021-03-28,1800,25.2,95,0.6
4291,2021-03-28,1900,25.8,93,0.8
4292,2021-03-28,2000,26.5,84,0.3
4293,2021-03-28,2100,26.2,82,0.2
4294,2021-03-28,2200,25.5,90,0.2
4295,2021-03-28,2300,24.7,95,0.2
4296,2021-03-29,0000,24.6,96,0.1
4297,2021-03-29,0100,24.5,95,0.4
4298,2021-03-29,0200,24.3,96,0.1
4299,2021-03-29,0300,24.4,95,0.8
4300,2021-03-29,0400,24,96,0.2
4301,2021-03-29,0500,23.7,97,0
4302,2021-03-29,0600,23.5,97,0
4303,2021-03-29,0700,23.6,97,0
4304,2021-03-29,0800,23.5,97,0
4305,2021-03-29,0900,23.4,97,0
4306,2021-03-29,1000,24,97,0
4307,2021-03-29,1100,26.9,85,0.9
4308,2021-03-29,1200,29,76,1.6
4309,2021-03-29,1300,30,71,1.5
4310,2021-03-29,1400,29.7,70,1.5
4311,2021-03-29,1500,31.4,61,1.2
4312,2021-03-29,1600,32.3,57,1.1
4313,2021-03-29,1700,25.2,94,2.5
4314,2021-03-29,1800,25.8,93,0.1
4315,2021-03-29,1900,27.3,84,0.3
4316,2021-03-29,2000,27.9,80,0.5
4317,2021-03-29,2100,27.2,84,0.1
4318,2021-03-29,2200,26.4,91,0.2
4319,2021-03-29,2300,25.8,94,0
4320,2021-03-30,0000,25.5,96,0
4321,2021-03-30,0100,25.2,96,0
4322,2021-03-30,0200,25.3,95,0
4323,2021-03-30,0300,24.9,96,0
4324,2021-03-30,0400,24.6,96,0
4325,2021-03-30,0500,24.3,97,0
4326,2021-03-30,0600,24.2,97,0
4327,2021-03-30,0700,24.3,97,0
4328,2021-03-30,0800,24.3,97,0
4329,2021-03-30,0900,24.3,97,0.7
4330,2021-03-30,1000,24.5,97,0.1
4331,2021-03-30,1100,25.9,94,1.2
4332,2021-03-30,1200,27.6,82,1.4
4333,2021-03-30,1300,29.9,74,0.8
4334,2021-03-30,1400,30.5,71,2.3
4335,2021-03-30,1500,30.8,65,1.9
4336,2021-03-30,1600,30.5,66,0.8
4337,2021-03-30,1700,25.8,83,2.8
4338,2021-03-30,1800,24.7,96,0.4
4339,2021-03-30,1900,25.6,95,0.5
4340,2021-03-30,2000,27,91,0.7
4341,2021-03-30,2100,27.1,89,0.2
4342,2021-03-30,2200,26.2,91,0
4343,2021-03-30,2300,25.6,95,0
4344,2021-03-31,0000,25.3,96,0
4345,2021-03-31,0100,25.4,95,0
4346,2021-03-31,0200,25.2,96,0
4347,2021-03-31,0300,24.7,96,0
4348,2021-03-31,0400,24.6,97,0
4349,2021-03-31,0500,24.4,97,0
4350,2021-03-31,0600,24.3,97,0
4351,2021-03-31,0700,24.1,97,0
4352,2021-03-31,0800,24,97,0
4353,2021-03-31,0900,24.1,97,0
4354,2021-03-31,1000,24.6,97,0
4355,2021-03-31,1100,26.9,90,0.4
4356,2021-03-31,1200,29.4,76,1.3
4357,2021-03-31,1300,30.4,70,1.8
4358,2021-03-31,1400,31.9,60,0.8
4359,2021-03-31,1500,30.8,64,1.9
4360,2021-03-31,1600,31.1,66,2.2
4361,2021-03-31,1700,25.2,97,1
4362,2021-03-31,1800,26.3,95,1.2
4363,2021-03-31,1900,27.6,83,0.8
4364,2021-03-31,2000,28.5,80,0.7
4365,2021-03-31,2100,27.6,81,0.9
4366,2021-03-31,2200,26.9,87,0.1
4367,2021-03-31,2300,26.7,88,0.4
4368,2021-04-01,0000,25.3,90,1.7
4369,2021-04-01,0100,24.7,94,0.1
4370,2021-04-01,0200,24.4,96,0.4
4371,2021-04-01,0300,24.4,96,0
4372,2021-04-01,0400,24.3,97,0
4373,2021-04-01,0500,24.3,97,0
4374,2021-04-01,0600,24,97,0
4375,2021-04-01,0700,24.1,97,0
4376,2021-04-01,0800,24.2,97,0
4377,2021-04-01,0900,24,97,0
4378,2021-04-01,1000,24.8,97,0
4379,2021-04-01,1100,26.4,92,0.3
4380,2021-04-01,1200,28.7,75,0.4
4381,2021-04-01,1300,28.2,81,1.7
4382,2021-04-01,1400,29.3,74,1.8
4383,2021-04-01,1500,30.2,72,0.7
4384,2021-04-01,1600,28.2,78,0.1
4385,2021-04-01,1700,25.5,92,0.9
4386,2021-04-01,1800,25.9,90,1.5
4387,2021-04-01,1900,26.2,86,1.8
4388,2021-04-01,2000,26.4,87,1.3
4389,2021-04-01,2100,26.2,89,0.1
4390,2021-04-01,2200,25.8,92,0.4
4391,2021-04-01,2300,25.4,95,0.1
4392,2021-04-02,0000,25.4,96,0
4393,2021-04-02,0100,25.3,96,0
4394,2021-04-02,0200,24.7,96,0.4
4395,2021-04-02,0300,23.8,95,0
4396,2021-04-02,0400,23.7,96,0
4397,2021-04-02,0500,23.8,97,0
4398,2021-04-02,0600,23.8,97,0
4399,2021-04-02,0700,23.8,97,0
4400,2021-04-02,0800,23.9,97,0
4401,2021-04-02,0900,24,97,0
4402,2021-04-02,1000,24.5,97,0
4403,2021-04-02,1100,26.4,95,0
4404,2021-04-02,1200,28.9,73,0.3
4405,2021-04-02,1300,29.4,75,0.4
4406,2021-04-02,1400,30.2,68,1
4407,2021-04-02,1500,31.9,61,1.3
4408,2021-04-02,1600,32.2,66,1.9
4409,2021-04-02,1700,25.2,93,0.3
4410,2021-04-02,1800,28.3,89,0.7
4411,2021-04-02,1900,30.2,70,0.8
4412,2021-04-02,2000,30.3,67,0.9
4413,2021-04-02,2100,28,80,0.4
4414,2021-04-02,2200,25.7,96,0
4415,2021-04-02,2300,25.2,96,0
4416,2021-04-03,0000,24.9,97,0
4417,2021-04-03,0100,24.8,97,0
4418,2021-04-03,0200,24.7,97,0
4419,2021-04-03,0300,24.4,97,0
4420,2021-04-03,0400,24.2,97,0
4421,2021-04-03,0500,23.9,97,0
4422,2021-04-03,0600,23.5,97,0.1
4423,2021-04-03,0700,23.3,97,0
4424,2021-04-03,0800,23.4,97,0
4425,2021-04-03,0900,23.1,97,0
4426,2021-04-03,1000,23.8,97,0.2
4427,2021-04-03,1100,26,97,0.9
4428,2021-04-03,1200,28.3,77,0.5
4429,2021-04-03,1300,29.7,74,1.5
4430,2021-04-03,1400,30.7,67,0.9
4431,2021-04-03,1500,30.6,65,1
4432,2021-04-03,1600,30.1,68,0.8
4433,2021-04-03,1700,24.3,97,0.2
4434,2021-04-03,1800,25.2,96,0.2
4435,2021-04-03,1900,25.7,94,0.7
4436,2021-04-03,2000,25.7,94,0.3
4437,2021-04-03,2100,25.3,93,0
4438,2021-04-03,2200,24.8,95,0.1
4439,2021-04-03,2300,24.4,95,0
4440,2021-04-04,0000,24.1,96,0
4441,2021-04-04,0100,23.9,96,0
4442,2021-04-04,0200,23.9,97,0.1
4443,2021-04-04,0300,23.7,97,0
4444,2021-04-04,0400,23.7,97,0.1
4445,2021-04-04,0500,23.5,97,0
4446,2021-04-04,0600,23.4,97,0
4447,2021-04-04,0700,23.3,97,0
4448,2021-04-04,0800,23.3,97,0
4449,2021-04-04,0900,23.4,97,0
4450,2021-04-04,1000,24.4,97,0.4
4451,2021-04-04,1100,26.8,90,1
4452,2021-04-04,1200,29.1,78,1.7
4453,2021-04-04,1300,29.3,74,2.3
4454,2021-04-04,1400,30.1,70,2.8
4455,2021-04-04,1500,29.5,73,2
4456,2021-04-04,1600,29.4,78,0.7
4457,2021-04-04,1700,30.2,75,0.5
4458,2021-04-04,1800,29.8,75,0
4459,2021-04-04,1900,26.6,92,0.2
4460,2021-04-04,2000,26.2,90,0.7
4461,2021-04-04,2100,23.7,97,0.1
4462,2021-04-04,2200,23.9,97,0
4463,2021-04-04,2300,24.2,97,0
4464,2021-04-05,0000,24.4,97,0
4465,2021-04-05,0100,24.5,97,0
4466,2021-04-05,0200,24.4,97,0.1
4467,2021-04-05,0300,24.2,96,0
4468,2021-04-05,0400,24,97,0
4469,2021-04-05,0500,23.9,97,0
4470,2021-04-05,0600,23.7,97,0
4471,2021-04-05,0700,23.6,97,0
4472,2021-04-05,0800,23.6,97,0
4473,2021-04-05,0900,23.5,97,0
4474,2021-04-05,1000,24.4,97,0.2
4475,2021-04-05,1100,27.2,90,1
4476,2021-04-05,1200,28.4,79,1.9
4477,2021-04-05,1300,30.1,72,1.9
4478,2021-04-05,1400,31.7,69,2.7
4479,2021-04-05,1500,31.4,65,3.2
4480,2021-04-05,1600,32,65,0.9
4481,2021-04-05,1700,29.3,74,3.1
4482,2021-04-05,1800,31,60,2.4
4483,2021-04-05,1900,26.6,78,3.7
4484,2021-04-05,2000,27.3,82,0
4485,2021-04-05,2100,27.2,87,0
4486,2021-04-05,2200,26.5,93,0
4487,2021-04-05,2300,26,94,0
4488,2021-04-06,0000,26,93,0.1
4489,2021-04-06,0100,26.1,88,0.4
4490,2021-04-06,0200,25.6,90,0.4
4491,2021-04-06,0300,24.9,93,0.1
4492,2021-04-06,0400,24.8,94,0.4
4493,2021-04-06,0500,24.5,95,0
4494,2021-04-06,0600,24.3,96,0.1
4495,2021-04-06,0700,24,96,0
4496,2021-04-06,0800,23.9,97,0
4497,2021-04-06,0900,23.7,97,0
4498,2021-04-06,1000,24.4,97,0
4499,2021-04-06,1100,26.6,89,1.1
4500,2021-04-06,1200,29.5,77,1.8
4501,2021-04-06,1300,30.8,68,2.8
4502,2021-04-06,1400,31,66,2.7
4503,2021-04-06,1500,31.4,61,3.7
4504,2021-04-06,1600,31.9,57,3.3
4505,2021-04-06,1700,33.1,51,3.6
4506,2021-04-06,1800,33.5,51,2.6
4507,2021-04-06,1900,33.5,51,2.9
4508,2021-04-06,2000,32.9,51,1.5
4509,2021-04-06,2100,30.2,67,0.6
4510,2021-04-06,2200,29,73,0.9
4511,2021-04-06,2300,28.4,76,0.5
4512,2021-04-07,0000,27.7,76,1.3
4513,2021-04-07,0100,25.9,91,0
4514,2021-04-07,0200,25.6,93,0.2
4515,2021-04-07,0300,25.3,95,0.3
4516,2021-04-07,0400,25,96,0.3
4517,2021-04-07,0500,24.9,94,0.1
4518,2021-04-07,0600,24.8,94,0.1
4519,2021-04-07,0700,24.7,94,0
4520,2021-04-07,0800,24.8,94,0
4521,2021-04-07,0900,24.7,96,0
4522,2021-04-07,1000,25,96,0
4523,2021-04-07,1100,27.5,80,0.8
4524,2021-04-07,1200,28.8,79,2.2
4525,2021-04-07,1300,31,68,2
4526,2021-04-07,1400,31.8,63,3
4527,2021-04-07,1500,31.9,61,2.3
4528,2021-04-07,1600,33.4,52,2.2
4529,2021-04-07,1700,33.3,52,2.8
4530,2021-04-07,1800,33.4,50,2.5
4531,2021-04-07,1900,32.2,56,2.6
4532,2021-04-07,2000,27.5,73,1.1
4533,2021-04-07,2100,27.3,74,1.1
4534,2021-04-07,2200,26,92,0.2
4535,2021-04-07,2300,25.7,90,0.6
4536,2021-04-08,0000,24.8,92,1.7
4537,2021-04-08,0100,24.9,95,0.8
4538,2021-04-08,0200,25.3,94,0
4539,2021-04-08,0300,25,96,0
4540,2021-04-08,0400,25,96,0
4541,2021-04-08,0500,25,96,0
4542,2021-04-08,0600,24.9,95,0
4543,2021-04-08,0700,24.6,96,0
4544,2021-04-08,0800,24.4,96,0.1
4545,2021-04-08,0900,24.5,96,0.2
4546,2021-04-08,1000,24.9,95,0.4
4547,2021-04-08,1100,26.2,86,1.2
4548,2021-04-08,1200,27.8,79,1
4549,2021-04-08,1300,29.8,74,1.4
4550,2021-04-08,1400,31.2,67,1.3
4551,2021-04-08,1500,32.1,64,1.2
4552,2021-04-08,1600,33,56,2.8
4553,2021-04-08,1700,33.5,55,2.5
4554,2021-04-08,1800,24.7,93,5.9
4555,2021-04-08,1900,23.6,97,0.3
4556,2021-04-08,2000,24.2,97,0.2
4557,2021-04-08,2100,24.3,97,0.2
4558,2021-04-08,2200,24.2,97,0
4559,2021-04-08,2300,24.2,97,0
4560,2021-04-09,0000,24.3,97,0
4561,2021-04-09,0100,24.2,97,0
4562,2021-04-09,0200,24.3,97,0
4563,2021-04-09,0300,24.3,97,0
4564,2021-04-09,0400,24.2,97,0
4565,2021-04-09,0500,24.1,97,0
4566,2021-04-09,0600,24,97,0
4567,2021-04-09,0700,24.1,97,0
4568,2021-04-09,0800,24.1,97,0
4569,2021-04-09,0900,24.1,98,0
4570,2021-04-09,1000,24.5,97,0
4571,2021-04-09,1100,26.3,86,0.3
4572,2021-04-09,1200,28.9,77,0.4
4573,2021-04-09,1300,30.5,68,1.1
4574,2021-04-09,1400,30.7,68,3.3
4575,2021-04-09,1500,31.2,65,2.5
4576,2021-04-09,1600,31.2,72,2.2
4577,2021-04-09,1700,33,63,0.7
4578,2021-04-09,1800,33,54,0.9
4579,2021-04-09,1900,32.9,57,2.5
4580,2021-04-09,2000,23.8,93,5
4581,2021-04-09,2100,24,97,1.9
4582,2021-04-09,2200,24.6,97,0
4583,2021-04-09,2300,25.1,95,0
4584,2021-04-10,0000,24.9,97,0
4585,2021-04-10,0100,25,97,0
4586,2021-04-10,0200,24.8,97,0.1
4587,2021-04-10,0300,24.6,97,0.1
4588,2021-04-10,0400,24.5,97,0
4589,2021-04-10,0500,24.4,97,0
4590,2021-04-10,0600,24.3,98,0
4591,2021-04-10,0700,24.3,98,0
4592,2021-04-10,0800,24,98,0
4593,2021-04-10,0900,24.2,98,0
4594,2021-04-10,1000,24.7,98,0.6
4595,2021-04-10,1100,26.6,93,1.1
4596,2021-04-10,1200,28.6,85,1.1
4597,2021-04-10,1300,29.4,75,2.7
4598,2021-04-10,1400,31.1,67,2
4599,2021-04-10,1500,31.3,63,2.8
4600,2021-04-10,1600,32.1,60,2.4
4601,2021-04-10,1700,32.4,59,2.9
4602,2021-04-10,1800,32.2,60,2.5
4603,2021-04-10,1900,26.9,71,1
4604,2021-04-10,2000,24.7,84,0.4
4605,2021-04-10,2100,25.4,81,0.7
4606,2021-04-10,2200,25.3,81,0.4
4607,2021-04-10,2300,25.5,81,0.1
4608,2021-04-11,0000,25.2,87,0.2
4609,2021-04-11,0100,25.2,89,0.3
4610,2021-04-11,0200,24.6,92,3.8
4611,2021-04-11,0300,23.2,97,0.2
4612,2021-04-11,0400,23.4,97,0
4613,2021-04-11,0500,23.2,97,0
4614,2021-04-11,0600,23.2,97,0
4615,2021-04-11,0700,23.3,98,0
4616,2021-04-11,0800,23.1,98,0
4617,2021-04-11,0900,22.9,98,0
4618,2021-04-11,1000,23.5,98,0.2
4619,2021-04-11,1100,26.1,86,0.6
4620,2021-04-11,1200,28.6,77,1.7
4621,2021-04-11,1300,29.1,77,2.1
4622,2021-04-11,1400,31.5,67,0.9
4623,2021-04-11,1500,31.2,63,1.2
4624,2021-04-11,1600,31.1,67,1.1
4625,2021-04-11,1700,29.5,79,1.7
4626,2021-04-11,1800,24,98,1.3
4627,2021-04-11,1900,23.7,98,0.6
4628,2021-04-11,2000,23.4,98,0.4
4629,2021-04-11,2100,23.7,98,0.4
4630,2021-04-11,2200,23.5,98,1.3
4631,2021-04-11,2300,23.8,98,0
4632,2021-04-12,0000,23.7,98,0.1
4633,2021-04-12,0100,23.3,98,0.1
4634,2021-04-12,0200,23.1,98,0
4635,2021-04-12,0300,23.1,98,0
4636,2021-04-12,0400,23.1,98,0
4637,2021-04-12,0500,23,98,0
4638,2021-04-12,0600,22.9,98,0.3
4639,2021-04-12,0700,22.7,98,0.1
4640,2021-04-12,0800,22.7,98,0
4641,2021-04-12,0900,22.7,98,0
4642,2021-04-12,1000,23.5,98,0.7
4643,2021-04-12,1100,24.5,98,0.8
4644,2021-04-12,1200,28.1,79,1.5
4645,2021-04-12,1300,29.2,74,2.3
4646,2021-04-12,1400,30.2,69,2.5
4647,2021-04-12,1500,32,65,2.1
4648,2021-04-12,1600,32.8,60,1.8
4649,2021-04-12,1700,32.3,57,2.1
4650,2021-04-12,1800,30.3,71,1
4651,2021-04-12,1900,27.9,80,1.7
4652,2021-04-12,2000,26.1,93,1
4653,2021-04-12,2100,26.2,91,0.3
4654,2021-04-12,2200,25.6,94,0.5
4655,2021-04-12,2300,25.2,96,0
4656,2021-04-13,0000,25.3,97,0
4657,2021-04-13,0100,25.1,97,0
4658,2021-04-13,0200,24.8,98,0
4659,2021-04-13,0300,24.9,98,0
4660,2021-04-13,0400,24.9,98,0
4661,2021-04-13,0500,24.8,98,0
4662,2021-04-13,0600,24.8,98,0
4663,2021-04-13,0700,24.7,98,0
4664,2021-04-13,0800,24.6,98,0
4665,2021-04-13,0900,24.3,98,0.1
4666,2021-04-13,1000,24.7,98,0.6
4667,2021-04-13,1100,25.8,98,1.2
4668,2021-04-13,1200,28.9,82,2
4669,2021-04-13,1300,30.1,76,2.6
4670,2021-04-13,1400,31.4,65,3.2
4671,2021-04-13,1500,32.5,64,2.7
4672,2021-04-13,1600,32,66,3.1
4673,2021-04-13,1700,32.9,58,2.7
4674,2021-04-13,1800,25.8,94,0.8
4675,2021-04-13,1900,25.5,96,0.3
4676,2021-04-13,2000,26.5,92,0.5
4677,2021-04-13,2100,26.5,87,0.4
4678,2021-04-13,2200,25.9,86,0.5
4679,2021-04-13,2300,25.6,92,0.1
4680,2021-04-14,0000,24.9,96,0.1
4681,2021-04-14,0100,25,96,0.1
4682,2021-04-14,0200,25.1,96,0.1
4683,2021-04-14,0300,24.7,97,0
4684,2021-04-14,0400,24.6,97,0
4685,2021-04-14,0500,24.5,98,0
4686,2021-04-14,0600,24.1,98,0
4687,2021-04-14,0700,24.1,98,0
4688,2021-04-14,0800,23.9,98,0
4689,2021-04-14,0900,23.8,98,0
4690,2021-04-14,1000,24.6,98,0
4691,2021-04-14,1100,26.9,93,1.4
4692,2021-04-14,1200,28.8,76,1.6
4693,2021-04-14,1300,29.8,75,1.6
4694,2021-04-14,1400,30.4,70,1.8
4695,2021-04-14,1500,32,68,1
4696,2021-04-14,1600,29.4,75,1.8
4697,2021-04-14,1700,30.9,70,1.4
4698,2021-04-14,1800,25.2,96,0.7
4699,2021-04-14,1900,25.8,97,0
4700,2021-04-14,2000,26.6,96,0
4701,2021-04-14,2100,27.2,91,0.6
4702,2021-04-14,2200,26.8,91,0.1
4703,2021-04-14,2300,26.5,94,0.1
4704,2021-04-15,0000,26.4,93,0.1
4705,2021-04-15,0100,26.3,93,0.1
4706,2021-04-15,0200,25.9,94,0
4707,2021-04-15,0300,25.4,96,0
4708,2021-04-15,0400,25,97,0
4709,2021-04-15,0500,24.8,98,0
4710,2021-04-15,0600,24.5,98,0
4711,2021-04-15,0700,24.3,98,0
4712,2021-04-15,0800,24.2,98,0
4713,2021-04-15,0900,24.1,98,0
4714,2021-04-15,1000,24.8,98,0
4715,2021-04-15,1100,27.6,91,0.4
4716,2021-04-15,1200,29.3,75,0.1
4717,2021-04-15,1300,30.3,70,1.3
4718,2021-04-15,1400,30.2,71,2
4719,2021-04-15,1500,30.6,70,2.7
4720,2021-04-15,1600,30.1,73,1.2
4721,2021-04-15,1700,30.9,65,2.5
4722,2021-04-15,1800,29,73,0.3
4723,2021-04-15,1900,27.7,79,0.6
4724,2021-04-15,2000,28.4,75,0.4
4725,2021-04-15,2100,27.1,79,0.6
4726,2021-04-15,2200,26.3,89,0.2
4727,2021-04-15,2300,25.7,93,0.1
4728,2021-04-16,0000,25.6,93,0
4729,2021-04-16,0100,25.3,96,0
4730,2021-04-16,0200,25.2,97,0
4731,2021-04-16,0300,25.2,97,0
4732,2021-04-16,0400,25,97,0
4733,2021-04-16,0500,24.8,97,0
4734,2021-04-16,0600,24.7,98,0
4735,2021-04-16,0700,24.8,98,0
4736,2021-04-16,0800,24.5,98,0
4737,2021-04-16,0900,24.3,98,0.5
4738,2021-04-16,1000,24.5,98,0.2
4739,2021-04-16,1100,25.9,94,0.1
4740,2021-04-16,1200,28.3,75,1
4741,2021-04-16,1300,29.5,73,1.4
4742,2021-04-16,1400,31.1,64,1.8
4743,2021-04-16,1500,32,62,2.3
4744,2021-04-16,1600,33.1,62,1
4745,2021-04-16,1700,31.7,61,2
4746,2021-04-16,1800,32.6,59,1.1
4747,2021-04-16,1900,29.9,68,1
4748,2021-04-16,2000,25.1,84,2.5
4749,2021-04-16,2100,24.4,97,1.8
4750,2021-04-16,2200,24.6,97,0.3
4751,2021-04-16,2300,24.4,98,0.2
4752,2021-04-17,0000,24.2,98,0
4753,2021-04-17,0100,24.3,98,0
4754,2021-04-17,0200,24.4,98,0.1
4755,2021-04-17,0300,24.3,98,0
4756,2021-04-17,0400,24.3,98,0
4757,2021-04-17,0500,24.1,98,0
4758,2021-04-17,0600,23.9,98,0
4759,2021-04-17,0700,23.8,98,0
4760,2021-04-17,0800,23.8,98,0
4761,2021-04-17,0900,23.6,98,0
4762,2021-04-17,1000,24.1,98,0
4763,2021-04-17,1100,26,98,0.9
4764,2021-04-17,1200,29.3,73,1.2
4765,2021-04-17,1300,30.3,71,0.6
4766,2021-04-17,1400,31.5,65,2.1
4767,2021-04-17,1500,31.2,62,1.8
4768,2021-04-17,1600,30.8,64,2.1
4769,2021-04-17,1700,23.7,97,1.2
4770,2021-04-17,1800,23.9,98,0.2
4771,2021-04-17,1900,25.2,97,0.4
4772,2021-04-17,2000,26,94,0.5
4773,2021-04-17,2100,25.8,94,0
4774,2021-04-17,2200,25.5,94,0.4
4775,2021-04-17,2300,25.1,97,0.8
4776,2021-04-18,0000,24.2,98,0.5
4777,2021-04-18,0100,24.1,98,0.2
4778,2021-04-18,0200,24,98,0
4779,2021-04-18,0300,24.1,98,0
4780,2021-04-18,0400,24,98,0
4781,2021-04-18,0500,24,98,0.1
4782,2021-04-18,0600,23.9,98,0
4783,2021-04-18,0700,23.8,98,0
4784,2021-04-18,0800,23.6,97,0
4785,2021-04-18,0900,23.5,98,0
4786,2021-04-18,1000,24,98,0
4787,2021-04-18,1100,26.2,90,0.1
4788,2021-04-18,1200,28.2,74,1
4789,2021-04-18,1300,30.2,71,1.2
4790,2021-04-18,1400,26.4,91,0.7
4791,2021-04-18,1500,29.4,77,0.8
4792,2021-04-18,1600,27.9,82,1.6
4793,2021-04-18,1700,25.7,96,0.9
4794,2021-04-18,1800,23.9,98,0.6
4795,2021-04-18,1900,24.4,98,0.1
4796,2021-04-18,2000,23.8,97,0.7
4797,2021-04-18,2100,23.8,98,0.4
4798,2021-04-18,2200,23.6,98,0
4799,2021-04-18,2300,23.7,98,0
4800,2021-04-19,0000,23.8,98,0
4801,2021-04-19,0100,23.6,98,0.7
4802,2021-04-19,0200,23.7,98,0
4803,2021-04-19,0300,23.8,98,0
4804,2021-04-19,0400,23.7,98,0
4805,2021-04-19,0500,23.7,98,0
4806,2021-04-19,0600,23.5,98,0
4807,2021-04-19,0700,23.4,98,0
4808,2021-04-19,0800,23.5,99,0
4809,2021-04-19,0900,23.4,99,0
4810,2021-04-19,1000,24.1,98,0
4811,2021-04-19,1100,25,98,0.1
4812,2021-04-19,1200,26.6,90,0.8
4813,2021-04-19,1300,28,75,0.5
4814,2021-04-19,1400,28.9,74,0.2
4815,2021-04-19,1500,29.7,70,0.8
4816,2021-04-19,1600,28.1,74,2.1
4817,2021-04-19,1700,27.2,80,0.8
4818,2021-04-19,1800,29.1,68,1.2
4819,2021-04-19,1900,27.2,75,0
4820,2021-04-19,2000,27.5,80,0
4821,2021-04-19,2100,25.5,89,4.4
4822,2021-04-19,2200,24.3,95,2.2
4823,2021-04-19,2300,24.1,96,0.4
4824,2021-04-20,0000,24,96,0.1
4825,2021-04-20,0100,24.1,96,0.2
4826,2021-04-20,0200,23.7,97,0.1
4827,2021-04-20,0300,23.8,97,0.1
4828,2021-04-20,0400,23.7,97,0
4829,2021-04-20,0500,23.4,97,0
4830,2021-04-20,0600,23.3,98,0
4831,2021-04-20,0700,23.4,98,0
4832,2021-04-20,0800,23.4,98,0
4833,2021-04-20,0900,23.6,97,0
4834,2021-04-20,1000,24.1,97,0
4835,2021-04-20,1100,24.9,95,0.6
4836,2021-04-20,1200,26.7,79,0
4837,2021-04-20,1300,27.2,79,0.3
4838,2021-04-20,1400,28.4,72,0.4
4839,2021-04-20,1500,28.8,73,1.5
4840,2021-04-20,1600,29.2,70,0.7
4841,2021-04-20,1700,29.4,74,1.1
4842,2021-04-20,1800,29.8,69,1.3
4843,2021-04-20,1900,30.7,64,1.3
4844,2021-04-20,2000,30.6,63,0.9
4845,2021-04-20,2100,28.5,67,0.2
4846,2021-04-20,2200,26.6,80,0.9
4847,2021-04-20,2300,26,90,0
4848,2021-04-21,0000,25.8,92,0.3
4849,2021-04-21,0100,25.4,94,0
4850,2021-04-21,0200,25.5,95,0
4851,2021-04-21,0300,25.4,96,0
4852,2021-04-21,0400,24.8,97,0
4853,2021-04-21,0500,24.6,98,0.1
4854,2021-04-21,0600,24.5,98,0.1
4855,2021-04-21,0700,24.2,98,0.2
4856,2021-04-21,0800,24.2,98,0
4857,2021-04-21,0900,24.3,98,0
4858,2021-04-21,1000,24.8,98,0.1
4859,2021-04-21,1100,24.8,93,0.3
4860,2021-04-21,1200,25.7,85,0.2
4861,2021-04-21,1300,27.7,79,0.2
4862,2021-04-21,1400,28.9,68,0.9
4863,2021-04-21,1500,29.2,67,0.6
4864,2021-04-21,1600,28.5,72,0.2
4865,2021-04-21,1700,29.4,68,0.6
4866,2021-04-21,1800,28.6,73,0.6
4867,2021-04-21,1900,27.8,74,0.8
4868,2021-04-21,2000,27.1,78,0.9
4869,2021-04-21,2100,27,75,0.2
4870,2021-04-21,2200,26.8,77,1.1
4871,2021-04-21,2300,26.3,79,0.4
4872,2021-04-22,0000,25.8,82,0.2
4873,2021-04-22,0100,25.6,84,0.3
4874,2021-04-22,0200,25.7,84,0.3
4875,2021-04-22,0300,25.4,88,0
4876,2021-04-22,0400,25.1,93,0.3
4877,2021-04-22,0500,24.6,94,0
4878,2021-04-22,0600,24.4,95,0
4879,2021-04-22,0700,24,96,0
4880,2021-04-22,0800,23.6,98,0
4881,2021-04-22,0900,23.4,98,0
4882,2021-04-22,1000,24,98,1.1
4883,2021-04-22,1100,26.8,80,0.4
4884,2021-04-22,1200,28.2,73,0.6
4885,2021-04-22,1300,29,70,0.3
4886,2021-04-22,1400,28.9,73,0.6
4887,2021-04-22,1500,26.8,81,2.9
4888,2021-04-22,1600,24.5,97,2.5
4889,2021-04-22,1700,24.7,98,0.1
4890,2021-04-22,1800,24.7,98,0.6
4891,2021-04-22,1900,23.9,98,0.2
4892,2021-04-22,2000,23.7,98,0.1
4893,2021-04-22,2100,23.7,98,0.1
4894,2021-04-22,2200,23.6,98,0.7
4895,2021-04-22,2300,23.9,99,0.8
4896,2021-04-23,0000,24,99,0.7
4897,2021-04-23,0100,24.1,98,0.1
4898,2021-04-23,0200,24,99,0.1
4899,2021-04-23,0300,23.6,99,0
4900,2021-04-23,0400,23.5,99,0
4901,2021-04-23,0500,23.2,99,0
4902,2021-04-23,0600,22.7,99,0
4903,2021-04-23,0700,22.9,99,0
4904,2021-04-23,0800,22.6,99,0
4905,2021-04-23,0900,22.6,99,0
4906,2021-04-23,1000,23.4,99,0.2
4907,2021-04-23,1100,25.4,95,0.7
4908,2021-04-23,1200,26.4,82,1.6
4909,2021-04-23,1300,28.1,75,1.4
4910,2021-04-23,1400,29.7,71,1.5
4911,2021-04-23,1500,30.7,67,2.3
4912,2021-04-23,1600,32,60,1.5
4913,2021-04-23,1700,31.1,62,2.1
4914,2021-04-23,1800,32,60,1.4
4915,2021-04-23,1900,32.1,56,1.4
4916,2021-04-23,2000,30.7,68,1.8
4917,2021-04-23,2100,26.8,91,1.7
4918,2021-04-23,2200,25.6,96,0.4
4919,2021-04-23,2300,25.3,97,0.1
4920,2021-04-24,0000,25.4,95,0.5
4921,2021-04-24,0100,25.2,97,0.1
4922,2021-04-24,0200,25,98,1
4923,2021-04-24,0300,25,98,0.5
4924,2021-04-24,0400,24.8,98,0.1
4925,2021-04-24,0500,24.6,98,0
4926,2021-04-24,0600,24.6,98,0
4927,2021-04-24,0700,24.5,99,0
4928,2021-04-24,0800,24.5,99,0
4929,2021-04-24,0900,24.4,99,0
4930,2021-04-24,1000,25,99,0
4931,2021-04-24,1100,27.1,88,0.3
4932,2021-04-24,1200,28.7,75,0.9
4933,2021-04-24,1300,29.1,75,1.4
4934,2021-04-24,1400,29.9,68,1.6
4935,2021-04-24,1500,25.9,96,1.5
4936,2021-04-24,1600,30.5,78,0.2
4937,2021-04-24,1700,24.9,96,0.1
4938,2021-04-24,1800,25,96,0.1
4939,2021-04-24,1900,25.9,93,0
4940,2021-04-24,2000,25.6,93,0
4941,2021-04-24,2100,25.1,97,0
4942,2021-04-24,2200,24.9,98,0
4943,2021-04-24,2300,25,98,0
4944,2021-04-25,0000,24.6,98,0
4945,2021-04-25,0100,24.2,97,0
4946,2021-04-25,0200,24.2,98,0
4947,2021-04-25,0300,24.3,98,0
4948,2021-04-25,0400,24.1,99,0
4949,2021-04-25,0500,24.1,99,0
4950,2021-04-25,0600,23.8,99,0
4951,2021-04-25,0700,23.7,99,0
4952,2021-04-25,0800,23.4,99,0
4953,2021-04-25,0900,23.6,99,0
4954,2021-04-25,1000,23.8,99,0
4955,2021-04-25,1100,26.2,98,0.9
4956,2021-04-25,1200,29.2,76,0.6
4957,2021-04-25,1300,30.1,69,0.9
4958,2021-04-25,1400,29.7,69,1.2
4959,2021-04-25,1500,32.4,61,1.5
4960,2021-04-25,1600,32.6,60,1.9
4961,2021-04-25,1700,32.5,57,1.7
4962,2021-04-25,1800,30.8,67,1.1
4963,2021-04-25,1900,31.8,68,1.5
4964,2021-04-25,2000,30,75,1.1
4965,2021-04-25,2100,28.4,80,0.3
4966,2021-04-25,2200,24.9,90,3.5
4967,2021-04-25,2300,24.6,98,0.2
4968,2021-04-26,0000,24.8,98,0.2
4969,2021-04-26,0100,24.9,99,0
4970,2021-04-26,0200,25.1,99,0
4971,2021-04-26,0300,25,99,0
4972,2021-04-26,0400,24.8,99,0
4973,2021-04-26,0500,24.6,99,0
4974,2021-04-26,0600,24.4,99,0
4975,2021-04-26,0700,24.3,99,0
4976,2021-04-26,0800,24.3,99,0
4977,2021-04-26,0900,23.9,99,0
4978,2021-04-26,1000,24.8,99,0.2
4979,2021-04-26,1100,25.9,97,1.5
4980,2021-04-26,1200,28.3,79,1.8
4981,2021-04-26,1300,29.8,73,1
4982,2021-04-26,1400,30.6,69,1.9
4983,2021-04-26,1500,30.7,73,2.1
4984,2021-04-26,1600,32.2,63,2.5
4985,2021-04-26,1700,31.7,63,0.5
4986,2021-04-26,1800,31.3,62,1.2
4987,2021-04-26,1900,30.8,70,1.4
4988,2021-04-26,2000,30,72,1.2
4989,2021-04-26,2100,27.9,73,1.7
4990,2021-04-26,2200,26.9,80,0.4
4991,2021-04-26,2300,26.6,78,0.5
4992,2021-04-27,0000,26.2,83,0
4993,2021-04-27,0100,25.3,93,0
4994,2021-04-27,0200,25,95,0
4995,2021-04-27,0300,24.9,96,0
4996,2021-04-27,0400,24.7,97,0
4997,2021-04-27,0500,24.5,98,0
4998,2021-04-27,0600,24.2,98,0
4999,2021-04-27,0700,24.4,98,0
5000,2021-04-27,0800,24.1,98,0
5001,2021-04-27,0900,24,99,0
5002,2021-04-27,1000,24.4,99,0
5003,2021-04-27,1100,26.4,93,0.4
5004,2021-04-27,1200,29.9,71,0.6
5005,2021-04-27,1300,30,67,0.9
5006,2021-04-27,1400,30.9,68,1.7
5007,2021-04-27,1500,30.3,69,1.8
5008,2021-04-27,1600,31.5,63,1.7
5009,2021-04-27,1700,31.4,63,2.3
5010,2021-04-27,1800,30.6,66,0.9
5011,2021-04-27,1900,30.4,66,0.7
5012,2021-04-27,2000,29,72,1.2
5013,2021-04-27,2100,27.8,77,0.7
5014,2021-04-27,2200,27.3,80,0.7
5015,2021-04-27,2300,26.7,80,0.4
5016,2021-04-28,0000,26.4,81,0.3
5017,2021-04-28,0100,26.3,83,0
5018,2021-04-28,0200,25.5,92,0
5019,2021-04-28,0300,25.2,94,0
5020,2021-04-28,0400,25.2,93,0
5021,2021-04-28,0500,24.8,95,0
5022,2021-04-28,0600,24.6,97,0
5023,2021-04-28,0700,24.9,96,0.1
5024,2021-04-28,0800,24.9,96,0.2
5025,2021-04-28,0900,24.5,97,0
5026,2021-04-28,1000,25,97,0
5027,2021-04-28,1100,28.6,75,0.7
5028,2021-04-28,1200,30.4,66,0.3
5029,2021-04-28,1300,30,65,0.6
5030,2021-04-28,1400,30.1,66,1.9
5031,2021-04-28,1500,30.8,69,1.9
5032,2021-04-28,1600,33,53,1.1
5033,2021-04-28,1700,32.4,61,1
5034,2021-04-28,1800,32.3,61,2.2
5035,2021-04-28,1900,31.6,59,1.9
5036,2021-04-28,2000,25.7,93,0.9
5037,2021-04-28,2100,25.3,94,0
5038,2021-04-28,2200,25.5,94,0.3
5039,2021-04-28,2300,25.2,92,0.1
5040,2021-04-29,0000,25.5,91,0.1
5041,2021-04-29,0100,25.4,91,0
5042,2021-04-29,0200,24.5,97,0.1
5043,2021-04-29,0300,24.5,98,0
5044,2021-04-29,0400,24.4,98,0.4
5045,2021-04-29,0500,24.5,99,0.8
5046,2021-04-29,0600,24.5,98,0.6
5047,2021-04-29,0700,24.5,98,0
5048,2021-04-29,0800,24.2,99,0
5049,2021-04-29,0900,24,99,0
5050,2021-04-29,1000,24.8,99,0
5051,2021-04-29,1100,27.6,79,0
5052,2021-04-29,1200,29.3,72,0.9
5053,2021-04-29,1300,31.3,65,0.7
5054,2021-04-29,1400,31.7,64,1.1
5055,2021-04-29,1500,31.8,66,2.1
5056,2021-04-29,1600,30.9,64,2.1
5057,2021-04-29,1700,31.8,61,1.8
5058,2021-04-29,1800,31.8,57,1.9
5059,2021-04-29,1900,30.7,68,1.7
5060,2021-04-29,2000,27.7,76,1.3
5061,2021-04-29,2100,27.7,73,1
5062,2021-04-29,2200,24.1,98,1.8
5063,2021-04-29,2300,23.8,98,1.1
5064,2021-04-30,0000,24,99,0
5065,2021-04-30,0100,24.1,99,0
5066,2021-04-30,0200,24.1,99,0
5067,2021-04-30,0300,24.1,99,0
5068,2021-04-30,0400,24,99,0
5069,2021-04-30,0500,24.2,99,0
5070,2021-04-30,0600,24,99,0
5071,2021-04-30,0700,24.2,99,0.2
5072,2021-04-30,0800,23.8,99,0
5073,2021-04-30,0900,23.8,99,0
5074,2021-04-30,1000,24.2,99,0
5075,2021-04-30,1100,26.2,93,0
5076,2021-04-30,1200,28.8,75,0.9
5077,2021-04-30,1300,30.1,69,0.9
5078,2021-04-30,1400,30.6,68,0.8
5079,2021-04-30,1500,32.2,59,0.9
5080,2021-04-30,1600,30.9,60,1.8
5081,2021-04-30,1700,31.5,65,0.5
5082,2021-04-30,1800,32.7,50,1.4
5083,2021-04-30,1900,30.4,66,0.9
5084,2021-04-30,2000,27.4,71,1.9
5085,2021-04-30,2100,26.5,75,0.4
5086,2021-04-30,2200,25.8,89,0.7
5087,2021-04-30,2300,25.7,93,1.5
5088,2021-05-01,0000,24,99,2.4
5089,2021-05-01,0100,23.8,99,1.6
5090,2021-05-01,0200,23.5,99,0.1
5091,2021-05-01,0300,23.5,99,0.4
5092,2021-05-01,0400,23.4,98,1.6
5093,2021-05-01,0500,23.5,98,0.3
5094,2021-05-01,0600,23.7,99,0
5095,2021-05-01,0700,23.9,99,0
5096,2021-05-01,0800,23.7,99,0
5097,2021-05-01,0900,23.6,99,0.8
5098,2021-05-01,1000,23.7,99,0.7
5099,2021-05-01,1100,24.3,98,1.1
5100,2021-05-01,1200,26,92,0.2
5101,2021-05-01,1300,28.7,77,0.4
5102,2021-05-01,1400,30,71,1.1
5103,2021-05-01,1500,29.9,69,1.9
5104,2021-05-01,1600,30.5,65,2.2
5105,2021-05-01,1700,30.6,66,1.7
5106,2021-05-01,1800,30.8,65,1.7
5107,2021-05-01,1900,30.4,65,0.7
5108,2021-05-01,2000,23.7,99,1.2
5109,2021-05-01,2100,24.8,98,0.2
5110,2021-05-01,2200,24.9,99,0
5111,2021-05-01,2300,24.7,99,0.6
5112,2021-05-02,0000,24.5,99,0.3
5113,2021-05-02,0100,24.5,99,0
5114,2021-05-02,0200,24.4,99,0.2
5115,2021-05-02,0300,24.2,99,0.5
5116,2021-05-02,0400,24.1,99,0
5117,2021-05-02,0500,23.9,99,0
5118,2021-05-02,0600,23.7,99,0
5119,2021-05-02,0700,23.6,99,0
5120,2021-05-02,0800,23.3,99,0
5121,2021-05-02,0900,23.1,99,0
5122,2021-05-02,1000,23.7,99,0.5
5123,2021-05-02,1100,25.8,92,1.7
5124,2021-05-02,1200,27.4,79,2.1
5125,2021-05-02,1300,29.1,71,2.1
5126,2021-05-02,1400,31,65,1.5
5127,2021-05-02,1500,31.2,60,1.2
5128,2021-05-02,1600,30.3,63,3.1
5129,2021-05-02,1700,31.7,59,1.7
5130,2021-05-02,1800,32.2,57,2.1
5131,2021-05-02,1900,29.1,71,1.3
5132,2021-05-02,2000,26.5,82,0.8
5133,2021-05-02,2100,26.1,81,0.1
5134,2021-05-02,2200,25.6,87,0.4
5135,2021-05-02,2300,25.3,90,0.5
5136,2021-05-03,0000,25,93,0.2
5137,2021-05-03,0100,24.9,96,0
5138,2021-05-03,0200,24.7,96,0
5139,2021-05-03,0300,24.7,96,0
5140,2021-05-03,0400,24.6,96,0.1
5141,2021-05-03,0500,24.2,98,0
5142,2021-05-03,0600,24.2,99,0
5143,2021-05-03,0700,24.2,99,0.1
5144,2021-05-03,0800,24.3,99,0
5145,2021-05-03,0900,24.2,99,0
5146,2021-05-03,1000,24.6,99,0.1
5147,2021-05-03,1100,27.1,91,0.9
5148,2021-05-03,1200,28.7,78,2.2
5149,2021-05-03,1300,30.4,67,1
5150,2021-05-03,1400,30.2,67,1.5
5151,2021-05-03,1500,31.3,59,1.9
5152,2021-05-03,1600,32.2,60,2.3
5153,2021-05-03,1700,31.1,62,1
5154,2021-05-03,1800,32.7,57,0.2
5155,2021-05-03,1900,25.6,96,1.7
5156,2021-05-03,2000,26.8,78,1
5157,2021-05-03,2100,26.2,83,0.5
5158,2021-05-03,2200,25.4,94,0.1
5159,2021-05-03,2300,25.3,97,0.1
5160,2021-05-04,0000,25.2,96,0.1
5161,2021-05-04,0100,24.9,98,0.1
5162,2021-05-04,0200,25.2,97,0
5163,2021-05-04,0300,24.9,98,0.2
5164,2021-05-04,0400,24.7,98,0
5165,2021-05-04,0500,24.5,99,0
5166,2021-05-04,0600,24.5,99,0
5167,2021-05-04,0700,24.4,99,0
5168,2021-05-04,0800,24.6,99,0
5169,2021-05-04,0900,24.6,99,0
5170,2021-05-04,1000,25.2,99,0
5171,2021-05-04,1100,26.5,95,0.1
5172,2021-05-04,1200,27.1,92,0.6
5173,2021-05-04,1300,28.5,77,2
5174,2021-05-04,1400,30,68,1.9
5175,2021-05-04,1500,29.9,65,0.9
5176,2021-05-04,1600,29.9,68,1.4
5177,2021-05-04,1700,29.5,69,0.4
5178,2021-05-04,1800,27.9,75,1.3
5179,2021-05-04,1900,27.3,75,0.6
5180,2021-05-04,2000,24.7,95,2.8
5181,2021-05-04,2100,24.4,97,0.2
5182,2021-05-04,2200,24.3,97,0.1
5183,2021-05-04,2300,24.2,95,0.2
5184,2021-05-05,0000,24.4,93,0
5185,2021-05-05,0100,24,98,0
5186,2021-05-05,0200,23.9,98,0
5187,2021-05-05,0300,24,97,0.4
5188,2021-05-05,0400,23.8,97,0.2
5189,2021-05-05,0500,23.7,99,0.3
5190,2021-05-05,0600,23.5,99,0.2
5191,2021-05-05,0700,23.5,99,0.1
5192,2021-05-05,0800,23.3,99,0.1
5193,2021-05-05,0900,23.3,99,0.1
5194,2021-05-05,1000,23.8,99,0.3
5195,2021-05-05,1100,25.6,81,0.2
5196,2021-05-05,1200,27.9,73,0.4
5197,2021-05-05,1300,29.4,69,0.6
5198,2021-05-05,1400,29.8,63,0.6
5199,2021-05-05,1500,30.8,61,0.7
5200,2021-05-05,1600,31.7,56,0.7
5201,2021-05-05,1700,29.7,69,1.5
5202,2021-05-05,1800,25.9,90,0.7
5203,2021-05-05,1900,23.8,95,0.6
5204,2021-05-05,2000,24.2,97,0.1
5205,2021-05-05,2100,23.7,96,0.1
5206,2021-05-05,2200,23.8,96,0
5207,2021-05-05,2300,23.7,98,0.1
5208,2021-05-06,0000,23.7,99,0
5209,2021-05-06,0100,23.5,99,1.9
5210,2021-05-06,0200,23.7,99,0
5211,2021-05-06,0300,23.7,99,0
5212,2021-05-06,0400,23.9,99,0.2
5213,2021-05-06,0500,23.7,99,2.4
5214,2021-05-06,0600,23.6,99,2.5
5215,2021-05-06,0700,23.4,99,1.2
5216,2021-05-06,0800,23.4,99,0
5217,2021-05-06,0900,23.3,99,0.1
5218,2021-05-06,1000,23.4,99,0
5219,2021-05-06,1100,23.9,99,0
5220,2021-05-06,1200,23.8,99,0
5221,2021-05-06,1300,24.7,99,0
5222,2021-05-06,1400,26.1,91,0.1
5223,2021-05-06,1500,26.7,83,0.4
5224,2021-05-06,1600,26,87,1.2
5225,2021-05-06,1700,26.1,91,0.5
5226,2021-05-06,1800,27.5,79,0.2
5227,2021-05-06,1900,28.1,74,0
5228,2021-05-06,2000,27.7,76,0
5229,2021-05-06,2100,26.5,86,0
5230,2021-05-06,2200,25.6,95,0
5231,2021-05-06,2300,25,97,0
5232,2021-05-07,0000,25.1,95,0
5233,2021-05-07,0100,24.6,97,0
5234,2021-05-07,0200,24.9,96,0
5235,2021-05-07,0300,25.1,93,0.1
5236,2021-05-07,0400,25.1,94,0
5237,2021-05-07,0500,24.5,96,0.3
5238,2021-05-07,0600,24.1,97,0.1
5239,2021-05-07,0700,23.9,98,0
5240,2021-05-07,0800,23.6,99,0
5241,2021-05-07,0900,23.4,99,0
5242,2021-05-07,1000,24.3,99,0.5
5243,2021-05-07,1100,26.8,82,1.6
5244,2021-05-07,1200,28.8,71,1.5
5245,2021-05-07,1300,30.2,67,1.9
5246,2021-05-07,1400,30.3,70,2
5247,2021-05-07,1500,31.7,63,2.4
5248,2021-05-07,1600,32.4,60,2.5
5249,2021-05-07,1700,33.6,54,1.9
5250,2021-05-07,1800,32.5,56,1.1
5251,2021-05-07,1900,25.2,93,2.2
5252,2021-05-07,2000,26,95,0.8
5253,2021-05-07,2100,26,95,0.1
5254,2021-05-07,2200,25.4,95,0.1
5255,2021-05-07,2300,25.6,90,0.1
5256,2021-05-08,0000,24.8,97,0.1
5257,2021-05-08,0100,25.1,96,0.7
5258,2021-05-08,0200,24.6,98,0
5259,2021-05-08,0300,24.5,99,0
5260,2021-05-08,0400,24.4,99,0
5261,2021-05-08,0500,24.2,99,0
5262,2021-05-08,0600,23.8,99,0
5263,2021-05-08,0700,23.8,99,0.4
5264,2021-05-08,0800,23.9,100,0
5265,2021-05-08,0900,23.7,100,0
5266,2021-05-08,1000,24.2,99,0.2
5267,2021-05-08,1100,26.3,94,1
5268,2021-05-08,1200,28.9,76,1.6
5269,2021-05-08,1300,29.9,70,2
5270,2021-05-08,1400,30.6,65,0.8
5271,2021-05-08,1500,32.1,62,0.7
5272,2021-05-08,1600,31.6,60,1.1
5273,2021-05-08,1700,31.4,66,1.6
5274,2021-05-08,1800,29.4,76,2.3
5275,2021-05-08,1900,24.2,99,0.1
5276,2021-05-08,2000,25.3,99,0
5277,2021-05-08,2100,25.4,97,0.3
5278,2021-05-08,2200,24.9,98,0.1
5279,2021-05-08,2300,24.6,99,0.2
5280,2021-05-09,0000,24.5,98,0
5281,2021-05-09,0100,24.7,98,0.4
5282,2021-05-09,0200,24.5,99,0.1
5283,2021-05-09,0300,24.4,99,0
5284,2021-05-09,0400,24.2,99,0
5285,2021-05-09,0500,24.3,99,0.6
5286,2021-05-09,0600,23.9,100,0.3
5287,2021-05-09,0700,23.8,100,0.2
5288,2021-05-09,0800,23.6,100,0
5289,2021-05-09,0900,23.4,100,0
5290,2021-05-09,1000,23.8,100,0
5291,2021-05-09,1100,26,93,0.6
5292,2021-05-09,1200,28.8,76,0.9
5293,2021-05-09,1300,29.5,76,1.3
5294,2021-05-09,1400,32.4,61,1.1
5295,2021-05-09,1500,30.1,71,1.1
5296,2021-05-09,1600,31,66,0.6
5297,2021-05-09,1700,33,55,0.8
5298,2021-05-09,1800,30.4,66,1.6
5299,2021-05-09,1900,26.5,93,1
5300,2021-05-09,2000,26.5,91,1.2
5301,2021-05-09,2100,26,93,0.9
5302,2021-05-09,2200,25.5,96,2.6
5303,2021-05-09,2300,25.1,98,0.7
5304,2021-05-10,0000,25.2,98,0
5305,2021-05-10,0100,25,99,0
5306,2021-05-10,0200,24.8,99,0.1
5307,2021-05-10,0300,24.8,98,0
5308,2021-05-10,0400,24.9,99,0
5309,2021-05-10,0500,24.5,99,0
5310,2021-05-10,0600,24.4,99,0
5311,2021-05-10,0700,24.5,99,0
5312,2021-05-10,0800,24.5,99,0.1
5313,2021-05-10,0900,24.5,99,0.1
5314,2021-05-10,1000,24.8,99,0.2
5315,2021-05-10,1100,26.8,90,0.6
5316,2021-05-10,1200,28,77,1.8
5317,2021-05-10,1300,29.3,75,2.2
5318,2021-05-10,1400,30.6,67,2.2
5319,2021-05-10,1500,31.1,64,2.7
5320,2021-05-10,1600,31.8,65,2.1
5321,2021-05-10,1700,32.7,60,2.1
5322,2021-05-10,1800,30.5,68,2.4
5323,2021-05-10,1900,32.6,57,1.3
5324,2021-05-10,2000,28.5,75,1.7
5325,2021-05-10,2100,26,94,0
5326,2021-05-10,2200,23.5,99,2.6
5327,2021-05-10,2300,24.3,100,0.1
5328,2021-05-11,0000,24.5,100,0.1
5329,2021-05-11,0100,24.3,100,0.7
5330,2021-05-11,0200,24.3,100,0
5331,2021-05-11,0300,24.4,100,0.1
5332,2021-05-11,0400,24.5,100,0
5333,2021-05-11,0500,24.5,100,0
5334,2021-05-11,0600,23.9,99,0.2
5335,2021-05-11,0700,23.8,99,0
5336,2021-05-11,0800,23.7,100,0.1
5337,2021-05-11,0900,23.2,100,0
5338,2021-05-11,1000,23.4,100,0
5339,2021-05-11,1100,24.4,98,0
5340,2021-05-11,1200,27.1,79,0
5341,2021-05-11,1300,28.4,78,0
5342,2021-05-11,1400,29.9,71,1.9
5343,2021-05-11,1500,30.5,68,2
5344,2021-05-11,1600,28.6,76,2.4
5345,2021-05-11,1700,29.7,69,0
5346,2021-05-11,1800,30,71,0.7
5347,2021-05-11,1900,25.1,97,0.1
5348,2021-05-11,2000,25.1,98,0.2
5349,2021-05-11,2100,25.2,96,0.1
5350,2021-05-11,2200,25,97,0
5351,2021-05-11,2300,25.1,98,0.1
5352,2021-05-12,0000,24.8,98,0.7
5353,2021-05-12,0100,24.6,98,1.1
5354,2021-05-12,0200,24.4,98,0
5355,2021-05-12,0300,24.5,98,0
5356,2021-05-12,0400,24.4,98,0
5357,2021-05-12,0500,24.3,98,0
5358,2021-05-12,0600,24.1,99,0
5359,2021-05-12,0700,24.1,99,0
5360,2021-05-12,0800,23.9,99,0
5361,2021-05-12,0900,24,99,0
5362,2021-05-12,1000,24.3,99,0
5363,2021-05-12,1100,25.9,86,0.3
5364,2021-05-12,1200,26.9,89,1
5365,2021-05-12,1300,26.8,91,1.2
5366,2021-05-12,1400,29,73,1.8
5367,2021-05-12,1500,29.1,70,2.8
5368,2021-05-12,1600,29.1,69,2.1
5369,2021-05-12,1700,30.4,67,1.2
5370,2021-05-12,1800,30.4,64,1
5371,2021-05-12,1900,30.2,64,1.6
5372,2021-05-12,2000,29,71,1.1
5373,2021-05-12,2100,24.4,99,0.2
5374,2021-05-12,2200,25.2,98,0.6
5375,2021-05-12,2300,25.3,99,0.1
5376,2021-05-13,0000,25.2,99,0.1
5377,2021-05-13,0100,25.1,99,0
5378,2021-05-13,0200,24.5,99,0
5379,2021-05-13,0300,24.5,99,0
5380,2021-05-13,0400,24.7,99,0
5381,2021-05-13,0500,24.5,99,0
5382,2021-05-13,0600,24.6,99,0
5383,2021-05-13,0700,24.7,99,0
5384,2021-05-13,0800,24.7,99,0
5385,2021-05-13,0900,24.6,100,0
5386,2021-05-13,1000,24.8,100,0
5387,2021-05-13,1100,26.4,96,0.1
5388,2021-05-13,1200,27.9,78,0.1
5389,2021-05-13,1300,29,76,0.3
5390,2021-05-13,1400,29.7,68,1.1
5391,2021-05-13,1500,30.7,66,0.4
5392,2021-05-13,1600,30.5,66,1.2
5393,2021-05-13,1700,30.4,67,0.1
5394,2021-05-13,1800,30.8,65,0.3
5395,2021-05-13,1900,31.4,65,1
5396,2021-05-13,2000,30.3,67,1.4
5397,2021-05-13,2100,27.5,88,1.1
5398,2021-05-13,2200,23,100,2.4
5399,2021-05-13,2300,23.8,99,0.7
5400,2021-05-14,0000,23.9,100,0.2
5401,2021-05-14,0100,24.2,100,0
5402,2021-05-14,0200,24.1,100,0.2
5403,2021-05-14,0300,24,100,0
5404,2021-05-14,0400,24,100,0
5405,2021-05-14,0500,24,100,0
5406,2021-05-14,0600,24,100,0
5407,2021-05-14,0700,23.9,100,0
5408,2021-05-14,0800,23.8,100,0
5409,2021-05-14,0900,23.7,100,0
5410,2021-05-14,1000,24.4,100,0
5411,2021-05-14,1100,25.2,100,0
5412,2021-05-14,1200,27.6,82,0.5
5413,2021-05-14,1300,28.7,75,0.4
5414,2021-05-14,1400,29.2,73,0.2
5415,2021-05-14,1500,30.4,70,0.4
5416,2021-05-14,1600,29.1,75,0.5
5417,2021-05-14,1700,29.4,72,0.7
5418,2021-05-14,1800,30.3,70,1.2
5419,2021-05-14,1900,29.8,72,1.4
5420,2021-05-14,2000,28.7,71,1.4
5421,2021-05-14,2100,23.7,100,1.6
5422,2021-05-14,2200,23.6,100,1.6
5423,2021-05-14,2300,23.6,99,0.4
5424,2021-05-15,0000,23.5,100,0
5425,2021-05-15,0100,23.7,100,0
5426,2021-05-15,0200,23.7,100,0
5427,2021-05-15,0300,23.7,100,0
5428,2021-05-15,0400,23.6,100,0.1
5429,2021-05-15,0500,23.6,100,0.1
5430,2021-05-15,0600,23.9,100,0
5431,2021-05-15,0700,23.6,100,0
5432,2021-05-15,0800,23.7,100,0
5433,2021-05-15,0900,23.8,100,0
5434,2021-05-15,1000,24.1,100,0
5435,2021-05-15,1100,24.7,99,0.7
5436,2021-05-15,1200,25.8,92,1.9
5437,2021-05-15,1300,25.7,93,2
5438,2021-05-15,1400,25.3,98,1.3
5439,2021-05-15,1500,26.2,88,1.5
5440,2021-05-15,1600,26.5,88,1.5
5441,2021-05-15,1700,27.6,81,1.1
5442,2021-05-15,1800,27.9,78,0.3
5443,2021-05-15,1900,27.7,76,0
5444,2021-05-15,2000,23.9,98,1.5
5445,2021-05-15,2100,23.7,99,0.3
5446,2021-05-15,2200,23.7,99,0
5447,2021-05-15,2300,23.8,100,0
5448,2021-05-16,0000,23.7,100,0.1
5449,2021-05-16,0100,23.6,100,0
5450,2021-05-16,0200,23.6,100,0.3
5451,2021-05-16,0300,23.7,100,0
5452,2021-05-16,0400,23.6,100,0
5453,2021-05-16,0500,23.6,100,0
5454,2021-05-16,0600,23.6,100,0
5455,2021-05-16,0700,23.6,100,0
5456,2021-05-16,0800,23.6,100,0
5457,2021-05-16,0900,23.6,100,0
5458,2021-05-16,1000,24,100,0
5459,2021-05-16,1100,24.9,100,0.5
5460,2021-05-16,1200,26.8,82,1.6
5461,2021-05-16,1300,28.7,72,0.5
5462,2021-05-16,1400,29.5,66,1.5
5463,2021-05-16,1500,31.6,61,0.6
5464,2021-05-16,1600,30.7,62,2.3
5465,2021-05-16,1700,31,67,2.1
5466,2021-05-16,1800,31.5,60,1.4
5467,2021-05-16,1900,29,71,0.9
5468,2021-05-16,2000,29.3,72,0.6
5469,2021-05-16,2100,26.7,91,0.4
5470,2021-05-16,2200,26.8,92,0.3
5471,2021-05-16,2300,24.7,98,2.7
5472,2021-05-17,0000,24.8,99,0.1
5473,2021-05-17,0100,24.6,100,0.6
5474,2021-05-17,0200,23.7,100,0
5475,2021-05-17,0300,23.8,100,0
5476,2021-05-17,0400,23.7,100,0.2
5477,2021-05-17,0500,23.7,100,0.1
5478,2021-05-17,0600,23.8,100,0.1
5479,2021-05-17,0700,23.8,100,0
5480,2021-05-17,0800,23.8,100,0
5481,2021-05-17,0900,23.9,100,0
5482,2021-05-17,1000,24.1,100,0
5483,2021-05-17,1100,24.4,100,0.2
5484,2021-05-17,1200,24.2,99,3.4
5485,2021-05-17,1300,23.6,96,2.6
5486,2021-05-17,1400,23.4,98,2
5487,2021-05-17,1500,24.2,98,1.9
5488,2021-05-17,1600,26.7,87,1.1
5489,2021-05-17,1700,26.2,82,2.1
5490,2021-05-17,1800,24.3,96,2.7
5491,2021-05-17,1900,24.3,99,0.2
5492,2021-05-17,2000,24.4,99,0.6
5493,2021-05-17,2100,24.1,99,0.2
5494,2021-05-17,2200,24,100,0
5495,2021-05-17,2300,24,100,0
5496,2021-05-18,0000,23.9,100,0
5497,2021-05-18,0100,23.9,100,0
5498,2021-05-18,0200,24.1,100,0
5499,2021-05-18,0300,24.1,100,0
5500,2021-05-18,0400,24,100,0
5501,2021-05-18,0500,23.6,100,0
5502,2021-05-18,0600,23.4,100,0
5503,2021-05-18,0700,23.5,100,0
5504,2021-05-18,0800,23.5,100,0
5505,2021-05-18,0900,23.4,100,0
5506,2021-05-18,1000,23.8,100,0
5507,2021-05-18,1100,24.8,100,0.3
5508,2021-05-18,1200,27.9,78,0.2
5509,2021-05-18,1300,28,74,0.2
5510,2021-05-18,1400,28.4,76,0.8
5511,2021-05-18,1500,30.2,72,2.3
5512,2021-05-18,1600,30.7,67,1
5513,2021-05-18,1700,30.5,64,2
5514,2021-05-18,1800,32.5,57,0.5
5515,2021-05-18,1900,30.8,65,0.5
5516,2021-05-18,2000,29.1,77,1.7
5517,2021-05-18,2100,28.1,83,0.3
5518,2021-05-18,2200,27.1,88,0.2
5519,2021-05-18,2300,26.7,84,1.1
5520,2021-05-19,0000,25,88,0
5521,2021-05-19,0100,25.3,83,0.3
5522,2021-05-19,0200,24.8,94,0
5523,2021-05-19,0300,25.1,95,0
5524,2021-05-19,0400,24.6,97,0
5525,2021-05-19,0500,25,97,0
5526,2021-05-19,0600,24.8,97,0
5527,2021-05-19,0700,24.5,98,0
5528,2021-05-19,0800,24.2,99,0
5529,2021-05-19,0900,24,100,0
5530,2021-05-19,1000,24.6,100,0.1
5531,2021-05-19,1100,27.6,85,0.9
5532,2021-05-19,1200,29.6,71,1.3
5533,2021-05-19,1300,31.2,63,1.2
5534,2021-05-19,1400,32.1,57,1.9
5535,2021-05-19,1500,32.2,57,1.5
5536,2021-05-19,1600,30.8,65,2.1
5537,2021-05-19,1700,30.9,60,1.3
5538,2021-05-19,1800,31.3,68,1.7
5539,2021-05-19,1900,30,71,0.3
5540,2021-05-19,2000,26.8,94,0.1
5541,2021-05-19,2100,27.1,95,0.3
5542,2021-05-19,2200,26.1,97,0
5543,2021-05-19,2300,25.9,96,0
5544,2021-05-20,0000,25.6,98,0
5545,2021-05-20,0100,25.4,96,0
5546,2021-05-20,0200,25.2,95,0.2
5547,2021-05-20,0300,24.8,97,0
5548,2021-05-20,0400,24.2,99,0
5549,2021-05-20,0500,23.9,99,0
5550,2021-05-20,0600,23.8,100,0
5551,2021-05-20,0700,23.8,100,0
5552,2021-05-20,0800,23.7,100,0
5553,2021-05-20,0900,23.5,100,0
5554,2021-05-20,1000,24.2,100,0
5555,2021-05-20,1100,26.7,90,1.1
5556,2021-05-20,1200,28.4,83,0.8
5557,2021-05-20,1300,29.4,76,1.6
5558,2021-05-20,1400,31.5,66,1.3
5559,2021-05-20,1500,31.9,60,1.4
5560,2021-05-20,1600,32,65,1.5
5561,2021-05-20,1700,32.2,59,1.1
5562,2021-05-20,1800,33,57,1.5
5563,2021-05-20,1900,31.3,66,1.2
5564,2021-05-20,2000,27.9,78,2.2
5565,2021-05-20,2100,25.3,96,0.1
5566,2021-05-20,2200,25.1,99,1.5
5567,2021-05-20,2300,24.7,100,0.5
5568,2021-05-21,0000,24.9,100,0.1
5569,2021-05-21,0100,25,99,0
5570,2021-05-21,0200,24.7,99,0
5571,2021-05-21,0300,24.5,100,0
5572,2021-05-21,0400,24.3,100,0
5573,2021-05-21,0500,24,100,0
5574,2021-05-21,0600,23.9,100,0
5575,2021-05-21,0700,23.8,100,0
5576,2021-05-21,0800,23.6,100,0
5577,2021-05-21,0900,23.7,100,0
5578,2021-05-21,1000,24.3,100,0
5579,2021-05-21,1100,26.5,96,0.2
5580,2021-05-21,1200,27.9,84,1.7
5581,2021-05-21,1300,29.8,78,2
5582,2021-05-21,1400,30.6,70,1.9
5583,2021-05-21,1500,32.4,65,2.1
5584,2021-05-21,1600,30.2,76,1.3
5585,2021-05-21,1700,32.1,61,0.9
5586,2021-05-21,1800,29.3,71,1.4
5587,2021-05-21,1900,26.2,84,0.5
5588,2021-05-21,2000,25.4,94,1.1
5589,2021-05-21,2100,24.9,97,1.7
5590,2021-05-21,2200,25.1,95,0.2
5591,2021-05-21,2300,24.9,97,0
5592,2021-05-22,0000,24.7,97,0.1
5593,2021-05-22,0100,24.6,98,0
5594,2021-05-22,0200,24.5,99,0
5595,2021-05-22,0300,24.4,99,0
5596,2021-05-22,0400,24.2,99,0
5597,2021-05-22,0500,23.8,100,0
5598,2021-05-22,0600,23.8,100,0
5599,2021-05-22,0700,23.9,100,0
5600,2021-05-22,0800,23.6,100,0
5601,2021-05-22,0900,23.6,100,0
5602,2021-05-22,1000,24.4,100,0.1
5603,2021-05-22,1100,26.8,91,0.7
5604,2021-05-22,1200,29.4,72,0.4
5605,2021-05-22,1300,31.1,64,1.1
5606,2021-05-22,1400,31.4,62,1.7
5607,2021-05-22,1500,31.5,66,2.5
5608,2021-05-22,1600,33.3,56,2.2
5609,2021-05-22,1700,31.9,63,1.4
5610,2021-05-22,1800,30.7,63,1.9
5611,2021-05-22,1900,32,64,1.8
5612,2021-05-22,2000,29.8,77,1.5
5613,2021-05-22,2100,28.2,86,0.3
5614,2021-05-22,2200,27.9,85,0.2
5615,2021-05-22,2300,27.8,79,0.2
5616,2021-05-23,0000,26.8,85,0.3
5617,2021-05-23,0100,26.2,92,0.5
5618,2021-05-23,0200,26,94,0.3
5619,2021-05-23,0300,25.8,95,1
5620,2021-05-23,0400,25.5,97,0.3
5621,2021-05-23,0500,25.1,98,0.1
5622,2021-05-23,0600,25,99,0.4
5623,2021-05-23,0700,24.8,99,0.7
5624,2021-05-23,0800,24.5,99,0.3
5625,2021-05-23,0900,24.4,99,0.8
5626,2021-05-23,1000,25.2,98,0.8
5627,2021-05-23,1100,26.9,85,1.6
5628,2021-05-23,1200,29.2,76,2.3
5629,2021-05-23,1300,30.6,69,2.2
5630,2021-05-23,1400,30.6,69,1
5631,2021-05-23,1500,31.3,65,2
5632,2021-05-23,1600,32.6,59,1.6
5633,2021-05-23,1700,33.1,59,0.6
5634,2021-05-23,1800,32,60,0.4
5635,2021-05-23,1900,28.9,75,1.3
5636,2021-05-23,2000,26.2,93,1.2
5637,2021-05-23,2100,26,97,0.4
5638,2021-05-23,2200,25.4,98,0.5
5639,2021-05-23,2300,25.3,98,0
5640,2021-05-24,0000,25.5,97,0.1
5641,2021-05-24,0100,25.4,98,0.5
5642,2021-05-24,0200,25.1,99,0.1
5643,2021-05-24,0300,24.9,100,0
5644,2021-05-24,0400,24.7,100,0
5645,2021-05-24,0500,24.7,100,0
5646,2021-05-24,0600,24.5,100,0
5647,2021-05-24,0700,24.4,100,0
5648,2021-05-24,0800,24.3,100,0
5649,2021-05-24,0900,24.1,100,0
5650,2021-05-24,1000,24.6,100,0
5651,2021-05-24,1100,26.5,95,1.4
5652,2021-05-24,1200,29.9,77,1.6
5653,2021-05-24,1300,30.9,68,3.1
5654,2021-05-24,1400,32.6,60,2.3
5655,2021-05-24,1500,32.7,57,2.8
5656,2021-05-24,1600,32.7,60,2.9
5657,2021-05-24,1700,33.8,52,2.6
5658,2021-05-24,1800,33.7,52,2.5
5659,2021-05-24,1900,32,57,2.5
5660,2021-05-24,2000,31.4,62,1.4
5661,2021-05-24,2100,30.2,66,0.1
5662,2021-05-24,2200,28.9,78,0
5663,2021-05-24,2300,29.2,78,0.8
5664,2021-05-25,0000,28.8,76,0.5
5665,2021-05-25,0100,27.5,80,1.1
5666,2021-05-25,0200,26.4,90,0.5
5667,2021-05-25,0300,25.8,95,0
5668,2021-05-25,0400,25.5,97,0.2
5669,2021-05-25,0500,25.3,98,0.7
5670,2021-05-25,0600,24.9,99,0.7
5671,2021-05-25,0700,24.8,99,0.7
5672,2021-05-25,0800,24.6,100,0.2
5673,2021-05-25,0900,24.4,100,0
5674,2021-05-25,1000,25.1,100,1
5675,2021-05-25,1100,27.4,83,2.3
5676,2021-05-25,1200,29.2,74,2.2
5677,2021-05-25,1300,31.6,62,3.1
5678,2021-05-25,1400,32.5,60,3.1
5679,2021-05-25,1500,31,65,2.6
5680,2021-05-25,1600,32.3,63,2
5681,2021-05-25,1700,33.3,57,1.5
5682,2021-05-25,1800,32.8,57,2.3
5683,2021-05-25,1900,32.5,56,2.3
5684,2021-05-25,2000,32.4,57,0.9
5685,2021-05-25,2100,30.8,62,0.5
5686,2021-05-25,2200,28.8,73,1.8
5687,2021-05-25,2300,28.4,76,0.4
5688,2021-05-26,0000,25.3,93,0
5689,2021-05-26,0100,25,96,0.6
5690,2021-05-26,0200,25.4,94,0.2
5691,2021-05-26,0300,24.9,98,0.2
5692,2021-05-26,0400,24.6,99,0
5693,2021-05-26,0500,24.7,100,0
5694,2021-05-26,0600,24.5,100,0.2
5695,2021-05-26,0700,24.6,100,0.1
5696,2021-05-26,0800,24.4,100,0
5697,2021-05-26,0900,24.3,100,0
5698,2021-05-26,1000,24.7,100,0.2
5699,2021-05-26,1100,27,92,2
5700,2021-05-26,1200,29,75,2.9
5701,2021-05-26,1300,31.2,67,1.9
5702,2021-05-26,1400,31.6,63,3.1
5703,2021-05-26,1500,32.1,60,2.6
5704,2021-05-26,1600,33.4,58,1.9
5705,2021-05-26,1700,33.1,56,2.3
5706,2021-05-26,1800,32.3,61,1.4
5707,2021-05-26,1900,33.6,54,0.5
5708,2021-05-26,2000,31.8,60,1
5709,2021-05-26,2100,26.4,96,0
5710,2021-05-26,2200,27.1,86,0.2
5711,2021-05-26,2300,27.1,83,0.9
5712,2021-05-27,0000,24.6,99,2
5713,2021-05-27,0100,24.1,99,1.4
5714,2021-05-27,0200,24.6,100,0
5715,2021-05-27,0300,24.5,100,0.2
5716,2021-05-27,0400,24.9,100,0.1
5717,2021-05-27,0500,24.8,100,0
5718,2021-05-27,0600,24.9,100,0
5719,2021-05-27,0700,23.5,100,0
5720,2021-05-27,0800,23.9,100,0.1
5721,2021-05-27,0900,24.1,100,0
5722,2021-05-27,1000,24.4,100,0
5723,2021-05-27,1100,26.2,92,0.1
5724,2021-05-27,1200,28.4,78,1
5725,2021-05-27,1300,29.4,72,1.6
5726,2021-05-27,1400,30.9,68,1.7
5727,2021-05-27,1500,31.8,65,1.4
5728,2021-05-27,1600,32,65,1.7
5729,2021-05-27,1700,32.5,57,0.6
5730,2021-05-27,1800,32.6,55,1.1
5731,2021-05-27,1900,31,69,0.7
5732,2021-05-27,2000,30,72,0.7
5733,2021-05-27,2100,29.4,72,0.2
5734,2021-05-27,2200,28.9,76,1.6
5735,2021-05-27,2300,27,88,1.2
5736,2021-05-28,0000,27.3,84,0.4
5737,2021-05-28,0100,27,94,0.5
5738,2021-05-28,0200,26.5,94,1.2
5739,2021-05-28,0300,26.2,94,0.2
5740,2021-05-28,0400,25.8,96,0.6
5741,2021-05-28,0500,25.3,98,0.5
5742,2021-05-28,0600,25.3,99,0.1
5743,2021-05-28,0700,24.9,99,0
5744,2021-05-28,0800,25.1,99,0.2
5745,2021-05-28,0900,25,100,0
5746,2021-05-28,1000,24.7,98,0.4
5747,2021-05-28,1100,26.3,91,0.2
5748,2021-05-28,1200,27,85,0.4
5749,2021-05-28,1300,27.7,79,0.8
5750,2021-05-28,1400,28.6,79,1
5751,2021-05-28,1500,30.4,70,1.2
5752,2021-05-28,1600,30.4,70,1.1
5753,2021-05-28,1700,30.1,70,1.2
5754,2021-05-28,1800,30.4,69,1.8
5755,2021-05-28,1900,29.7,69,1.8
5756,2021-05-28,2000,29.2,72,0.5
5757,2021-05-28,2100,27.8,77,1.2
5758,2021-05-28,2200,27.5,79,1.4
5759,2021-05-28,2300,27.3,79,1
5760,2021-05-29,0000,26.8,81,0.7
5761,2021-05-29,0100,26.6,86,0.6
5762,2021-05-29,0200,26,89,0.4
5763,2021-05-29,0300,25.4,94,0.3
5764,2021-05-29,0400,25,96,0.8
5765,2021-05-29,0500,24.8,97,0.1
5766,2021-05-29,0600,24.9,95,0
5767,2021-05-29,0700,24.6,97,0
5768,2021-05-29,0800,24.3,99,0
5769,2021-05-29,0900,24.2,100,0
5770,2021-05-29,1000,24.6,100,0
5771,2021-05-29,1100,26.8,79,1.1
5772,2021-05-29,1200,29.4,68,0.8
5773,2021-05-29,1300,29.5,69,1.1
5774,2021-05-29,1400,30,68,1.2
5775,2021-05-29,1500,31.1,64,0.8
5776,2021-05-29,1600,31.2,61,1
5777,2021-05-29,1700,32.4,58,0.1
5778,2021-05-29,1800,32.2,59,1.5
5779,2021-05-29,1900,31.3,63,1.2
5780,2021-05-29,2000,31,64,1.4
5781,2021-05-29,2100,29,74,0.7
5782,2021-05-29,2200,24.9,100,0.9
5783,2021-05-29,2300,25.1,99,0.7
5784,2021-05-30,0000,25.4,99,0.1
5785,2021-05-30,0100,25,99,1.6
5786,2021-05-30,0200,25,100,0.7
5787,2021-05-30,0300,24.7,100,1.8
5788,2021-05-30,0400,24.6,100,0
5789,2021-05-30,0500,24.7,100,0
5790,2021-05-30,0600,24.7,100,0
5791,2021-05-30,0700,24.3,100,0
5792,2021-05-30,0800,24.2,100,0
5793,2021-05-30,0900,24.1,100,0
5794,2021-05-30,1000,24.5,100,0.6
5795,2021-05-30,1100,26.4,95,1.7
5796,2021-05-30,1200,29.1,73,2.2
5797,2021-05-30,1300,31.1,66,2
5798,2021-05-30,1400,31.7,66,2.2
5799,2021-05-30,1500,31.5,64,1.3
5800,2021-05-30,1600,33.1,56,1.6
5801,2021-05-30,1700,32.9,54,2.6
5802,2021-05-30,1800,33.9,51,1.8
5803,2021-05-30,1900,31,69,0.7
5804,2021-05-30,2000,31.3,69,0.6
5805,2021-05-30,2100,29.4,75,1.5
5806,2021-05-30,2200,28.8,78,1.5
5807,2021-05-30,2300,27,80,1
5808,2021-05-31,0000,27,80,0.6
5809,2021-05-31,0100,26.7,83,0.7
5810,2021-05-31,0200,26,92,0.4
5811,2021-05-31,0300,25.7,94,0.1
5812,2021-05-31,0400,25.6,95,0.5
5813,2021-05-31,0500,25.5,96,0.5
5814,2021-05-31,0600,25.3,97,0.1
5815,2021-05-31,0700,24.8,99,0.7
5816,2021-05-31,0800,25,99,0.1
5817,2021-05-31,0900,25.2,99,0.1
5818,2021-05-31,1000,25.5,99,0.7
5819,2021-05-31,1100,27.8,85,1.3
5820,2021-05-31,1200,29.4,75,2.5
5821,2021-05-31,1300,31.1,69,2.4
5822,2021-05-31,1400,31.4,65,2.2
5823,2021-05-31,1500,31.5,68,2.6
5824,2021-05-31,1600,32.6,59,2.2
5825,2021-05-31,1700,32.6,58,2.1
5826,2021-05-31,1800,33,56,1.4
5827,2021-05-31,1900,33,52,2.4
5828,2021-05-31,2000,31,59,1
5829,2021-05-31,2100,28.3,73,1.1
5830,2021-05-31,2200,27,76,0.5
5831,2021-05-31,2300,26.7,75,0.9
5832,2021-06-01,0000,26.5,78,0.4
5833,2021-06-01,0100,26.4,78,0.1
5834,2021-06-01,0200,25.8,82,0.5
5835,2021-06-01,0300,25.6,90,0.5
5836,2021-06-01,0400,25.3,93,0.3
5837,2021-06-01,0500,25.4,91,1.2
5838,2021-06-01,0600,25.1,96,0.2
5839,2021-06-01,0700,24.9,97,0
5840,2021-06-01,0800,24.8,99,0
5841,2021-06-01,0900,24.8,99,0
5842,2021-06-01,1000,25.1,96,0
5843,2021-06-01,1100,26.4,89,0.5
5844,2021-06-01,1200,29.4,75,2
5845,2021-06-01,1300,30.9,64,2.4
5846,2021-06-01,1400,31.4,64,1.7
5847,2021-06-01,1500,32.5,60,1.8
5848,2021-06-01,1600,33.2,53,0.6
5849,2021-06-01,1700,34.1,50,0.8
5850,2021-06-01,1800,33.8,48,0.9
5851,2021-06-01,1900,32.3,64,0.3
5852,2021-06-01,2000,30.2,66,1.8
5853,2021-06-01,2100,28.5,73,0.8
5854,2021-06-01,2200,27.4,74,0.5
5855,2021-06-01,2300,27.5,71,0.3
5856,2021-06-02,0000,27.2,72,0.5
5857,2021-06-02,0100,26.8,76,0.4
5858,2021-06-02,0200,26,81,1.2
5859,2021-06-02,0300,25.9,81,0.1
5860,2021-06-02,0400,25,89,0.4
5861,2021-06-02,0500,24.4,93,0.5
5862,2021-06-02,0600,24,97,0.3
5863,2021-06-02,0700,24,97,0.2
5864,2021-06-02,0800,24.3,96,0
5865,2021-06-02,0900,23.8,99,0
5866,2021-06-02,1000,24.5,99,0
5867,2021-06-02,1100,26.7,86,1.5
5868,2021-06-02,1200,29.5,74,1.5
5869,2021-06-02,1300,31.4,64,2.3
5870,2021-06-02,1400,31.4,63,2.7
5871,2021-06-02,1500,33,58,2
5872,2021-06-02,1600,33.3,58,1.8
5873,2021-06-02,1700,33.8,55,0.5
5874,2021-06-02,1800,34.3,54,1.5
5875,2021-06-02,1900,32.6,63,1.7
5876,2021-06-02,2000,31,68,1.6
5877,2021-06-02,2100,28.9,72,0.5
5878,2021-06-02,2200,28,77,0.9
5879,2021-06-02,2300,27.6,74,0.2
5880,2021-06-03,0000,27,74,0.6
5881,2021-06-03,0100,27,76,0.6
5882,2021-06-03,0200,26.6,79,2
5883,2021-06-03,0300,24.7,90,1.6
5884,2021-06-03,0400,24.7,93,1.1
5885,2021-06-03,0500,24.6,94,0.9
5886,2021-06-03,0600,24.6,96,0
5887,2021-06-03,0700,24.5,97,0.3
5888,2021-06-03,0800,24.4,97,0
5889,2021-06-03,0900,24.3,98,0.1
5890,2021-06-03,1000,25.2,97,0.1
5891,2021-06-03,1100,27.5,84,0.4
5892,2021-06-03,1200,30.1,69,2
5893,2021-06-03,1300,31.7,66,1.3
5894,2021-06-03,1400,31.9,62,1.4
5895,2021-06-03,1500,32.7,59,2.3
5896,2021-06-03,1600,32,63,2.3
5897,2021-06-03,1700,33.9,54,2.4
5898,2021-06-03,1800,28.9,76,1.8
5899,2021-06-03,1900,24.2,99,2.6
5900,2021-06-03,2000,24.9,100,0.1
5901,2021-06-03,2100,25.2,99,0.2
5902,2021-06-03,2200,24.1,100,3
5903,2021-06-03,2300,24.1,100,0.4
5904,2021-06-04,0000,24.2,100,0.4
5905,2021-06-04,0100,24.1,100,0.6
5906,2021-06-04,0200,24.1,100,0.1
5907,2021-06-04,0300,23.9,100,0.9
5908,2021-06-04,0400,23.8,100,0.1
5909,2021-06-04,0500,23.7,100,0
5910,2021-06-04,0600,23.7,100,0
5911,2021-06-04,0700,23.6,,0
5912,2021-06-04,0800,23.3,,0
5913,2021-06-04,0900,23.2,,0
5914,2021-06-04,1000,23.9,100,0.1
5915,2021-06-04,1100,25.7,98,0.8
5916,2021-06-04,1200,28.7,77,1.7
5917,2021-06-04,1300,30.3,70,2
5918,2021-06-04,1400,31.4,68,1.7
5919,2021-06-04,1500,30.9,65,2
5920,2021-06-04,1600,32.2,61,1.2
5921,2021-06-04,1700,30.2,70,1.8
5922,2021-06-04,1800,29.8,66,1.9
5923,2021-06-04,1900,28.7,75,1.5
5924,2021-06-04,2000,25.7,94,0.4
5925,2021-06-04,2100,26.2,91,0.2
5926,2021-06-04,2200,26.2,94,0.3
5927,2021-06-04,2300,26.5,82,0.5
5928,2021-06-05,0000,25.9,92,0.4
5929,2021-06-05,0100,24.5,98,0.1
5930,2021-06-05,0200,24.8,100,0
5931,2021-06-05,0300,25.1,99,0.4
5932,2021-06-05,0400,24.8,100,0.4
5933,2021-06-05,0500,24.6,100,0.5
5934,2021-06-05,0600,24.3,100,0.2
5935,2021-06-05,0700,24.1,100,0.1
5936,2021-06-05,0800,23.9,100,0
5937,2021-06-05,0900,23.7,,0
5938,2021-06-05,1000,24.2,,0
5939,2021-06-05,1100,26.1,95,1.4
5940,2021-06-05,1200,29.2,75,1.6
5941,2021-06-05,1300,30.5,65,2
5942,2021-06-05,1400,32,62,1.3
5943,2021-06-05,1500,30.8,66,2.5
5944,2021-06-05,1600,32,58,2.9
5945,2021-06-05,1700,31.7,57,2.3
5946,2021-06-05,1800,31.4,57,2.1
5947,2021-06-05,1900,28.7,75,1.3
5948,2021-06-05,2000,27.9,74,1.3
5949,2021-06-05,2100,26.7,80,1.7
5950,2021-06-05,2200,25.8,92,0.9
5951,2021-06-05,2300,25.9,91,0.1
5952,2021-06-06,0000,25.8,89,0.4
5953,2021-06-06,0100,25.7,90,0.1
5954,2021-06-06,0200,25.4,92,0.2
5955,2021-06-06,0300,25.2,93,0.2
5956,2021-06-06,0400,24.7,97,0.1
5957,2021-06-06,0500,24.6,98,0
5958,2021-06-06,0600,24.6,97,0.1
5959,2021-06-06,0700,24.5,99,0.3
5960,2021-06-06,0800,24.4,99,0.2
5961,2021-06-06,0900,24.4,99,0.7
5962,2021-06-06,1000,24.8,99,0
5963,2021-06-06,1100,26.4,94,0.6
5964,2021-06-06,1200,27.7,79,1.3
5965,2021-06-06,1300,30.3,69,1.4
5966,2021-06-06,1400,31.2,61,1.4
5967,2021-06-06,1500,32.2,63,1.5
5968,2021-06-06,1600,32.2,55,2
5969,2021-06-06,1700,31.7,57,2.4
5970,2021-06-06,1800,30.8,62,0.8
5971,2021-06-06,1900,31.5,59,0.5
5972,2021-06-06,2000,30.6,69,1.2
5973,2021-06-06,2100,29.2,72,1.2
5974,2021-06-06,2200,27.8,76,0.7
5975,2021-06-06,2300,26.9,81,0.6
5976,2021-06-07,0000,27.1,80,0.3
5977,2021-06-07,0100,26.8,83,0.8
5978,2021-06-07,0200,25.8,96,1.7
5979,2021-06-07,0300,25.4,95,2
5980,2021-06-07,0400,25.2,98,0.4
5981,2021-06-07,0500,25,98,0.4
5982,2021-06-07,0600,24.9,98,0
5983,2021-06-07,0700,24.7,99,0
5984,2021-06-07,0800,24.7,98,0.1
5985,2021-06-07,0900,24.7,98,0.1
5986,2021-06-07,1000,25.2,97,0.5
5987,2021-06-07,1100,26.7,89,0.3
5988,2021-06-07,1200,29.6,72,0.9
5989,2021-06-07,1300,31,64,1.6
5990,2021-06-07,1400,31.6,61,1
5991,2021-06-07,1500,32.1,61,0.8
5992,2021-06-07,1600,31.7,62,1.4
5993,2021-06-07,1700,31.7,60,1.6
5994,2021-06-07,1800,34,54,0.6
5995,2021-06-07,1900,30.6,70,1
5996,2021-06-07,2000,27,79,0.2
5997,2021-06-07,2100,27,82,0.2
5998,2021-06-07,2200,26.3,85,1.3
5999,2021-06-07,2300,26.4,82,0.7
6000,2021-06-08,0000,26.8,79,0.2
6001,2021-06-08,0100,26.6,81,0.2
6002,2021-06-08,0200,26,90,0.6
6003,2021-06-08,0300,25.4,94,0.4
6004,2021-06-08,0400,25.5,94,1.1
6005,2021-06-08,0500,25,97,0.8
6006,2021-06-08,0600,25.1,96,1.8
6007,2021-06-08,0700,24.8,97,1.4
6008,2021-06-08,0800,24.8,94,0.1
6009,2021-06-08,0900,24.8,95,0
6010,2021-06-08,1000,25.4,96,0.6
6011,2021-06-08,1100,26.8,92,0.6
6012,2021-06-08,1200,28.2,79,1.1
6013,2021-06-08,1300,31.4,65,1.9
6014,2021-06-08,1400,32.6,61,1.1
6015,2021-06-08,1500,32.2,62,1.3
6016,2021-06-08,1600,29.4,76,1
6017,2021-06-08,1700,31.8,64,0.7
6018,2021-06-08,1800,25.4,97,2.1
6019,2021-06-08,1900,25.9,97,1
6020,2021-06-08,2000,25.7,95,0.6
6021,2021-06-08,2100,25.2,99,0.1
6022,2021-06-08,2200,25.2,100,0
6023,2021-06-08,2300,24.8,100,1.7
6024,2021-06-09,0000,24.8,99,0.4
6025,2021-06-09,0100,24.6,100,0.1
6026,2021-06-09,0200,24.4,,0
6027,2021-06-09,0300,24.4,,0
6028,2021-06-09,0400,24.3,,0
6029,2021-06-09,0500,24.1,,0
6030,2021-06-09,0600,24,,0
6031,2021-06-09,0700,23.8,,0
6032,2021-06-09,0800,23.8,,0
6033,2021-06-09,0900,23.9,,0
6034,2021-06-09,1000,24.6,,0.1
6035,2021-06-09,1100,26.5,94,0.3
6036,2021-06-09,1200,28.9,74,1.3
6037,2021-06-09,1300,30.2,68,1.6
6038,2021-06-09,1400,31.3,63,1.4
6039,2021-06-09,1500,31.8,60,1.7
6040,2021-06-09,1600,31.6,61,0.5
6041,2021-06-09,1700,31.2,65,0.4
6042,2021-06-09,1800,29.9,70,0.9
6043,2021-06-09,1900,29.9,68,0.5
6044,2021-06-09,2000,29.8,66,0.6
6045,2021-06-09,2100,27.8,77,0.3
6046,2021-06-09,2200,27.5,80,0.1
6047,2021-06-09,2300,27.7,80,0.4
6048,2021-06-10,0000,26.7,93,0
6049,2021-06-10,0100,24.3,98,2.1
6050,2021-06-10,0200,23.7,99,0.5
6051,2021-06-10,0300,23.3,98,1.7
6052,2021-06-10,0400,23.5,100,0.5
6053,2021-06-10,0500,24,100,2.9
6054,2021-06-10,0600,23.8,100,2.1
6055,2021-06-10,0700,23.7,,0.8
6056,2021-06-10,0800,23.6,,0
6057,2021-06-10,0900,23.7,,0
6058,2021-06-10,1000,23.9,,0
6059,2021-06-10,1100,24.7,99,0.2
6060,2021-06-10,1200,26.4,90,0.3
6061,2021-06-10,1300,27.6,78,0.1
6062,2021-06-10,1400,29.6,72,0.2
6063,2021-06-10,1500,29.4,72,0.7
6064,2021-06-10,1600,29.1,75,1.8
6065,2021-06-10,1700,29.7,62,0.3
6066,2021-06-10,1800,29.5,66,0.5
6067,2021-06-10,1900,28.9,67,0.6
6068,2021-06-10,2000,27.7,75,0.6
6069,2021-06-10,2100,27.1,80,0
6070,2021-06-10,2200,26.9,85,0.2
6071,2021-06-10,2300,26.4,89,0.2
6072,2021-06-11,0000,26.3,85,0.1
6073,2021-06-11,0100,26.2,92,0
6074,2021-06-11,0200,26,93,0.1
6075,2021-06-11,0300,25.4,98,0
6076,2021-06-11,0400,25,97,0.2
6077,2021-06-11,0500,24.7,95,0.2
6078,2021-06-11,0600,24.6,96,0.2
6079,2021-06-11,0700,24.3,98,0
6080,2021-06-11,0800,24.3,98,0
6081,2021-06-11,0900,24,100,0
6082,2021-06-11,1000,25.1,96,1.4
6083,2021-06-11,1100,25.9,84,1.2
6084,2021-06-11,1200,27,80,1.2
6085,2021-06-11,1300,28.7,71,0.9
6086,2021-06-11,1400,29.2,67,0.5
6087,2021-06-11,1500,30,66,0.6
6088,2021-06-11,1600,29.8,70,1.5
6089,2021-06-11,1700,27.3,81,1.7
6090,2021-06-11,1800,27.3,92,1
6091,2021-06-11,1900,29.6,74,2.2
6092,2021-06-11,2000,29,71,1.9
6093,2021-06-11,2100,27.7,78,1
6094,2021-06-11,2200,26.6,76,0
6095,2021-06-11,2300,26.2,92,0
6096,2021-06-12,0000,26.1,85,0.2
6097,2021-06-12,0100,26.2,93,0
6098,2021-06-12,0200,25.2,98,0.2
6099,2021-06-12,0300,24.3,100,0.1
6100,2021-06-12,0400,24,100,0
6101,2021-06-12,0500,24.1,,0
6102,2021-06-12,0600,23.9,,0
6103,2021-06-12,0700,23.9,,0
6104,2021-06-12,0800,23.8,,0
6105,2021-06-12,0900,24.1,,0
6106,2021-06-12,1000,24.5,,0.2
6107,2021-06-12,1100,24.5,100,0.4
6108,2021-06-12,1200,24.9,99,0.1
6109,2021-06-12,1300,25.2,98,0.1
6110,2021-06-12,1400,25.2,96,0.1
6111,2021-06-12,1500,26,94,0
6112,2021-06-12,1600,26.4,85,0.2
6113,2021-06-12,1700,27.8,73,0.1
6114,2021-06-12,1800,27.8,77,0.1
6115,2021-06-12,1900,27.4,79,0.2
6116,2021-06-12,2000,27.6,76,0.3
6117,2021-06-12,2100,26.5,82,0
6118,2021-06-12,2200,25.3,98,0
6119,2021-06-12,2300,25.1,99,0.1
6120,2021-06-13,0000,25.1,99,0.2
6121,2021-06-13,0100,24.9,99,0.2
6122,2021-06-13,0200,24.8,99,0
6123,2021-06-13,0300,24.4,100,0
6124,2021-06-13,0400,24.3,100,0
6125,2021-06-13,0500,24.1,,0
6126,2021-06-13,0600,24.1,,0
6127,2021-06-13,0700,24.1,,0
6128,2021-06-13,0800,24.2,100,0.1
6129,2021-06-13,0900,23.9,100,0.1
6130,2021-06-13,1000,24.1,97,0
6131,2021-06-13,1100,26,79,0.4
6132,2021-06-13,1200,28.7,70,0.6
6133,2021-06-13,1300,30.1,67,0.6
6134,2021-06-13,1400,31.8,61,0.3
6135,2021-06-13,1500,30.9,64,1.3
6136,2021-06-13,1600,32,59,1.4
6137,2021-06-13,1700,32.3,60,1.1
6138,2021-06-13,1800,30.5,65,1
6139,2021-06-13,1900,27.3,81,1.3
6140,2021-06-13,2000,29.5,71,1.3
6141,2021-06-13,2100,25.9,79,1.3
6142,2021-06-13,2200,25,95,0.3
6143,2021-06-13,2300,25.2,95,0.6
6144,2021-06-14,0000,25,96,0.1
6145,2021-06-14,0100,25.3,95,0.2
6146,2021-06-14,0200,24.9,98,0.1
6147,2021-06-14,0300,24.8,98,1.3
6148,2021-06-14,0400,24.6,99,1
6149,2021-06-14,0500,24.5,100,0.2
6150,2021-06-14,0600,24.4,100,0
6151,2021-06-14,0700,24.6,100,0
6152,2021-06-14,0800,24.5,,0
6153,2021-06-14,0900,24.4,,0
6154,2021-06-14,1000,24.6,100,0
6155,2021-06-14,1100,26.6,91,0.7
6156,2021-06-14,1200,27.6,81,1.3
6157,2021-06-14,1300,28.7,75,0.8
6158,2021-06-14,1400,29.3,72,1.4
6159,2021-06-14,1500,30.7,65,1.4
6160,2021-06-14,1600,31.1,63,1.3
6161,2021-06-14,1700,31.3,63,1.2
6162,2021-06-14,1800,32.3,58,0.8
6163,2021-06-14,1900,31.8,62,1.6
6164,2021-06-14,2000,27,73,3.7
6165,2021-06-14,2100,24.7,100,0
6166,2021-06-14,2200,24.8,100,0.1
6167,2021-06-14,2300,24.1,,2.8
6168,2021-06-15,0000,24.2,,0.6
6169,2021-06-15,0100,24.2,,0.8
6170,2021-06-15,0200,24.2,,1.4
6171,2021-06-15,0300,24,,1.3
6172,2021-06-15,0400,23.9,,0.1
6173,2021-06-15,0500,23.9,,0.2
6174,2021-06-15,0600,24,100,0
6175,2021-06-15,0700,23.9,,0
6176,2021-06-15,0800,24,,0.1
6177,2021-06-15,0900,23.8,,0.1
6178,2021-06-15,1000,24.1,,0
6179,2021-06-15,1100,26,96,0.3
6180,2021-06-15,1200,28.1,77,1
6181,2021-06-15,1300,29.9,72,2.1
6182,2021-06-15,1400,29.7,71,1.7
6183,2021-06-15,1500,31.1,64,2.1
6184,2021-06-15,1600,33.5,55,1.9
6185,2021-06-15,1700,30.4,69,3
6186,2021-06-15,1800,30.1,64,1.6
6187,2021-06-15,1900,27.9,73,1.7
6188,2021-06-15,2000,27.7,74,1
6189,2021-06-15,2100,27,79,0.7
6190,2021-06-15,2200,26.5,86,0.7
6191,2021-06-15,2300,25.9,95,0.2
6192,2021-06-16,0000,25.7,96,0
6193,2021-06-16,0100,25.4,98,0.1
6194,2021-06-16,0200,25.1,99,0
6195,2021-06-16,0300,25.1,99,0
6196,2021-06-16,0400,25.2,99,0.1
6197,2021-06-16,0500,25.1,100,0.1
6198,2021-06-16,0600,25,100,0.1
6199,2021-06-16,0700,24.8,100,0
6200,2021-06-16,0800,24.5,,0
6201,2021-06-16,0900,24.3,,0.1
6202,2021-06-16,1000,24.7,,0.8
6203,2021-06-16,1100,26.5,95,1.8
6204,2021-06-16,1200,29,73,2.7
6205,2021-06-16,1300,30.5,67,2.7
6206,2021-06-16,1400,30.6,64,2.3
6207,2021-06-16,1500,31,64,2.2
6208,2021-06-16,1600,32.6,61,2.5
6209,2021-06-16,1700,32.4,59,1.8
6210,2021-06-16,1800,30.9,63,2.2
6211,2021-06-16,1900,29.8,71,1.6
6212,2021-06-16,2000,28.5,80,1.5
6213,2021-06-16,2100,25.1,91,1.2
6214,2021-06-16,2200,25.2,96,0
6215,2021-06-16,2300,24.9,98,0.1
6216,2021-06-17,0000,24.7,100,0
6217,2021-06-17,0100,24.6,97,0.2
6218,2021-06-17,0200,24.9,96,1.1
6219,2021-06-17,0300,24.6,97,0.2
6220,2021-06-17,0400,24.5,98,0.1
6221,2021-06-17,0500,24.3,99,0.1
6222,2021-06-17,0600,24.1,100,0.1
6223,2021-06-17,0700,24.2,100,0.2
6224,2021-06-17,0800,24,100,0.2
6225,2021-06-17,0900,23.9,100,0.1
6226,2021-06-17,1000,24.3,100,0.2
6227,2021-06-17,1100,26.3,92,0.6
6228,2021-06-17,1200,29.2,74,1.4
6229,2021-06-17,1300,30,68,2.1
6230,2021-06-17,1400,32.4,58,1.5
6231,2021-06-17,1500,32.4,57,2.1
6232,2021-06-17,1600,33,57,1.4
6233,2021-06-17,1700,33.5,53,0.8
6234,2021-06-17,1800,30.3,68,0.8
6235,2021-06-17,1900,25.7,88,0.9
6236,2021-06-17,2000,25.7,80,1.5
6237,2021-06-17,2100,26.7,76,1
6238,2021-06-17,2200,25.7,89,1.5
6239,2021-06-17,2300,24.9,99,1.2
6240,2021-06-18,0000,24.5,99,0.2
6241,2021-06-18,0100,24.6,100,0
6242,2021-06-18,0200,24.6,100,0
6243,2021-06-18,0300,24.7,100,0
6244,2021-06-18,0400,24.4,,0
6245,2021-06-18,0500,24.1,,0
6246,2021-06-18,0600,24.2,,0
6247,2021-06-18,0700,23.9,,0
6248,2021-06-18,0800,24.1,99,0.2
6249,2021-06-18,0900,24,99,0
6250,2021-06-18,1000,24.3,99,0
6251,2021-06-18,1100,25.3,91,0.9
6252,2021-06-18,1200,26.5,82,0.5
6253,2021-06-18,1300,29.6,70,2.1
6254,2021-06-18,1400,30.7,65,2.5
6255,2021-06-18,1500,31,67,1.9
6256,2021-06-18,1600,32.4,59,2.5
6257,2021-06-18,1700,32.7,58,2
6258,2021-06-18,1800,30.9,64,1.6
6259,2021-06-18,1900,26,95,2.3
6260,2021-06-18,2000,26.4,95,1
6261,2021-06-18,2100,26.2,97,0.5
6262,2021-06-18,2200,25.7,99,0.2
6263,2021-06-18,2300,25.8,96,0.1
6264,2021-06-19,0000,25.6,97,0.3
6265,2021-06-19,0100,25.5,98,0.1
6266,2021-06-19,0200,25.2,98,0
6267,2021-06-19,0300,24.8,99,0.1
6268,2021-06-19,0400,24.6,100,0.3
6269,2021-06-19,0500,24.2,,0
6270,2021-06-19,0600,24.1,,0.3
6271,2021-06-19,0700,23.9,,0.1
6272,2021-06-19,0800,23.8,,0
6273,2021-06-19,0900,23.7,,0
6274,2021-06-19,1000,24,,0
6275,2021-06-19,1100,26.1,93,1.5
6276,2021-06-19,1200,28.7,74,1.9
6277,2021-06-19,1300,29.7,66,2.5
6278,2021-06-19,1400,31.3,59,2.9
6279,2021-06-19,1500,31.1,58,2.9
6280,2021-06-19,1600,32.4,56,2.5
6281,2021-06-19,1700,30.9,59,1.9
6282,2021-06-19,1800,25.6,94,0
6283,2021-06-19,1900,26.2,95,0
6284,2021-06-19,2000,27.2,77,0.4
6285,2021-06-19,2100,26.3,97,0.6
6286,2021-06-19,2200,25.6,100,0
6287,2021-06-19,2300,25.5,99,0.2
6288,2021-06-20,0000,25.1,100,0
6289,2021-06-20,0100,24.7,100,0
6290,2021-06-20,0200,24.3,,0
6291,2021-06-20,0300,23.9,,0.1
6292,2021-06-20,0400,23.6,,0
6293,2021-06-20,0500,23.5,,0.2
6294,2021-06-20,0600,23.6,100,0.2
6295,2021-06-20,0700,23.4,,0.2
6296,2021-06-20,0800,23.3,,0.1
6297,2021-06-20,0900,23.1,,0.1
6298,2021-06-20,1000,23.7,,0.4
6299,2021-06-20,1100,25.7,95,1
6300,2021-06-20,1200,28.5,74,1.6
6301,2021-06-20,1300,29.9,69,1.9
6302,2021-06-20,1400,30.9,60,2.3
6303,2021-06-20,1500,31,61,2.2
6304,2021-06-20,1600,31.4,58,3.1
6305,2021-06-20,1700,32.4,55,2.8
6306,2021-06-20,1800,32,53,2.9
6307,2021-06-20,1900,31.9,55,2.8
6308,2021-06-20,2000,31.5,55,1.4
6309,2021-06-20,2100,30,64,0.1
6310,2021-06-20,2200,28.5,75,0.9
6311,2021-06-20,2300,26.6,78,1
6312,2021-06-21,0000,26,82,2
6313,2021-06-21,0100,23.7,,0
6314,2021-06-21,0200,24.1,,0
6315,2021-06-21,0300,24.2,,0
6316,2021-06-21,0400,24.2,,0
6317,2021-06-21,0500,24.3,,0.5
6318,2021-06-21,0600,24.3,,0.1
6319,2021-06-21,0700,24.1,,0
6320,2021-06-21,0800,23.8,,0
6321,2021-06-21,0900,23.6,,0
6322,2021-06-21,1000,24.2,,0
6323,2021-06-21,1100,25.7,100,1.5
6324,2021-06-21,1200,28.5,78,2
6325,2021-06-21,1300,29.7,70,2.5
6326,2021-06-21,1400,30.2,68,2.3
6327,2021-06-21,1500,32.3,63,2.2
6328,2021-06-21,1600,31.3,69,2.2
6329,2021-06-21,1700,30.1,68,0
6330,2021-06-21,1800,30,76,0.3
6331,2021-06-21,1900,29,71,0.6
6332,2021-06-21,2000,29.3,74,1
6333,2021-06-21,2100,27.3,74,0.8
6334,2021-06-21,2200,24.2,,0.1
6335,2021-06-21,2300,24.3,,0
6336,2021-06-22,0000,24.2,,0
6337,2021-06-22,0100,24.1,,0
6338,2021-06-22,0200,24.1,,0
6339,2021-06-22,0300,23.9,,0
6340,2021-06-22,0400,23.5,,0
6341,2021-06-22,0500,23.3,,0
6342,2021-06-22,0600,23,,0
6343,2021-06-22,0700,22.9,,0
6344,2021-06-22,0800,22.7,,0
6345,2021-06-22,0900,22.5,,0
6346,2021-06-22,1000,23.1,,0
6347,2021-06-22,1100,24.9,,0.8
6348,2021-06-22,1200,28.3,75,1.1
6349,2021-06-22,1300,30.2,67,2.1
6350,2021-06-22,1400,31.2,61,1.2
6351,2021-06-22,1500,31.6,61,1.4
6352,2021-06-22,1600,31.1,57,1.7
6353,2021-06-22,1700,30.7,64,1.6
6354,2021-06-22,1800,31.9,55,1.9
6355,2021-06-22,1900,30.9,64,0.6
6356,2021-06-22,2000,30.1,66,1.4
6357,2021-06-22,2100,28.3,75,0.5
6358,2021-06-22,2200,27.5,77,0.9
6359,2021-06-22,2300,26.3,82,1
6360,2021-06-23,0000,25.1,96,0.1
6361,2021-06-23,0100,24.8,97,0.1
6362,2021-06-23,0200,24.4,99,0
6363,2021-06-23,0300,24.2,98,0.1
6364,2021-06-23,0400,23.8,100,0
6365,2021-06-23,0500,24.2,99,0.1
6366,2021-06-23,0600,23.9,100,0.1
6367,2021-06-23,0700,23.5,,0
6368,2021-06-23,0800,23.2,,0
6369,2021-06-23,0900,23.2,,0
6370,2021-06-23,1000,23.8,,0
6371,2021-06-23,1100,26.3,91,0.5
6372,2021-06-23,1200,28.5,73,1
6373,2021-06-23,1300,30.4,66,1.1
6374,2021-06-23,1400,31.7,64,0.9
6375,2021-06-23,1500,31.3,61,1.1
6376,2021-06-23,1600,31.3,58,1.1
6377,2021-06-23,1700,29.9,73,0.3
6378,2021-06-23,1800,26,96,2
6379,2021-06-23,1900,25.5,82,1.2
6380,2021-06-23,2000,25.8,90,0.2
6381,2021-06-23,2100,25.8,91,2.4
6382,2021-06-23,2200,24.4,100,1.3
6383,2021-06-23,2300,23.9,99,0.5
6384,2021-06-24,0000,23.6,100,0
6385,2021-06-24,0100,23.5,,1.3
6386,2021-06-24,0200,23.9,100,0
6387,2021-06-24,0300,23.6,,0
6388,2021-06-24,0400,23.6,,0
6389,2021-06-24,0500,23.5,,0
6390,2021-06-24,0600,23.4,,0
6391,2021-06-24,0700,23.2,,0
6392,2021-06-24,0800,22.8,,0
6393,2021-06-24,0900,22.8,,0
6394,2021-06-24,1000,23.3,,0
6395,2021-06-24,1100,25.2,,0.3
6396,2021-06-24,1200,28.3,72,1.3
6397,2021-06-24,1300,30,66,1.6
6398,2021-06-24,1400,29.2,66,1.4
6399,2021-06-24,1500,31.3,63,1.7
6400,2021-06-24,1600,30.5,62,1.7
6401,2021-06-24,1700,31.7,60,2.2
6402,2021-06-24,1800,31.7,56,1.8
6403,2021-06-24,1900,30.7,59,0.1
6404,2021-06-24,2000,28.2,74,1.7
6405,2021-06-24,2100,27.7,76,1
6406,2021-06-24,2200,26,78,1
6407,2021-06-24,2300,24.9,90,1.1
6408,2021-06-25,0000,24.9,89,0.9
6409,2021-06-25,0100,24.7,86,0.5
6410,2021-06-25,0200,24.1,94,0.2
6411,2021-06-25,0300,23.9,96,0.4
6412,2021-06-25,0400,23.4,97,0.6
6413,2021-06-25,0500,23.2,98,0.1
6414,2021-06-25,0600,23,100,0
6415,2021-06-25,0700,22.9,100,0.2
6416,2021-06-25,0800,23,100,0.3
6417,2021-06-25,0900,22.9,,0.1
6418,2021-06-25,1000,23.6,100,0.4
6419,2021-06-25,1100,25.8,90,1.8
6420,2021-06-25,1200,28.3,75,1.5
6421,2021-06-25,1300,29.9,67,2.4
6422,2021-06-25,1400,31.4,63,2.1
6423,2021-06-25,1500,30,68,2.4
6424,2021-06-25,1600,31.8,60,2.9
6425,2021-06-25,1700,31.9,58,3.4
6426,2021-06-25,1800,32,54,3.3
6427,2021-06-25,1900,32.1,55,2.5
6428,2021-06-25,2000,30.6,60,1.7
6429,2021-06-25,2100,29.2,65,0
6430,2021-06-25,2200,28.3,73,0.4
6431,2021-06-25,2300,27.7,75,0.8
6432,2021-06-26,0000,26.8,78,0.6
6433,2021-06-26,0100,26.1,81,1
6434,2021-06-26,0200,25.7,82,1.7
6435,2021-06-26,0300,25.4,85,1.3
6436,2021-06-26,0400,24.5,95,0.6
6437,2021-06-26,0500,24.2,98,0.2
6438,2021-06-26,0600,23.8,100,0
6439,2021-06-26,0700,23.8,100,0
6440,2021-06-26,0800,23.6,,0
6441,2021-06-26,0900,23.5,,0
6442,2021-06-26,1000,23.8,,0.1
6443,2021-06-26,1100,26.4,92,1
6444,2021-06-26,1200,28.9,70,1
6445,2021-06-26,1300,30.6,63,0.9
6446,2021-06-26,1400,31.5,60,1.1
6447,2021-06-26,1500,31.7,59,1.3
6448,2021-06-26,1600,31.7,58,1.5
6449,2021-06-26,1700,31.5,62,1.9
6450,2021-06-26,1800,28.9,71,1.2
6451,2021-06-26,1900,28.3,66,0.5
6452,2021-06-26,2000,26,82,1.8
6453,2021-06-26,2100,26,79,0.4
6454,2021-06-26,2200,26.3,80,0.8
6455,2021-06-26,2300,25.2,96,0.4
6456,2021-06-27,0000,24.7,92,1.2
6457,2021-06-27,0100,24.2,94,0.4
6458,2021-06-27,0200,24.5,92,0.2
6459,2021-06-27,0300,23.6,99,0
6460,2021-06-27,0400,23.5,99,0
6461,2021-06-27,0500,23.2,100,0
6462,2021-06-27,0600,23.2,100,0
6463,2021-06-27,0700,23,,0
6464,2021-06-27,0800,22.7,,0
6465,2021-06-27,0900,22.9,,0
6466,2021-06-27,1000,23.6,,0
6467,2021-06-27,1100,25.8,94,1.2
6468,2021-06-27,1200,28.8,72,1.3
6469,2021-06-27,1300,30.3,63,1.1
6470,2021-06-27,1400,31.1,60,1.5
6471,2021-06-27,1500,31.1,61,1.5
6472,2021-06-27,1600,28.7,70,0.6
6473,2021-06-27,1700,30.8,65,2
6474,2021-06-27,1800,31.3,60,0.8
6475,2021-06-27,1900,30.9,61,1.8
6476,2021-06-27,2000,30.2,62,3
6477,2021-06-27,2100,24.3,,0.1
6478,2021-06-27,2200,24.6,96,0.3
6479,2021-06-27,2300,24.6,97,0
6480,2021-06-28,0000,24.7,98,0
6481,2021-06-28,0100,24.7,95,0
6482,2021-06-28,0200,24.1,100,1.5
6483,2021-06-28,0300,23.8,,1.3
6484,2021-06-28,0400,24,,0.3
6485,2021-06-28,0500,24,,0
6486,2021-06-28,0600,24.1,,0
6487,2021-06-28,0700,24.1,,0
6488,2021-06-28,0800,23.8,,0
6489,2021-06-28,0900,24.1,,0
6490,2021-06-28,1000,24.8,,0.1
6491,2021-06-28,1100,25.8,95,0.8
6492,2021-06-28,1200,27.1,82,0.6
6493,2021-06-28,1300,27.6,77,0.8
6494,2021-06-28,1400,28,73,0.5
6495,2021-06-28,1500,28.4,71,1.3
6496,2021-06-28,1600,29.7,66,2.3
6497,2021-06-28,1700,30.7,64,2
6498,2021-06-28,1800,30.9,64,1.3
6499,2021-06-28,1900,31.2,59,1
6500,2021-06-28,2000,30.5,63,1.3
6501,2021-06-28,2100,28.9,69,0.5
6502,2021-06-28,2200,27.9,75,0.2
6503,2021-06-28,2300,27.6,77,0.1
6504,2021-06-29,0000,23.3,,0.5
6505,2021-06-29,0100,23.5,,0
6506,2021-06-29,0200,23.7,,0
6507,2021-06-29,0300,23.7,,0
6508,2021-06-29,0400,23.7,,0.2
6509,2021-06-29,0500,23.5,,0.4
6510,2021-06-29,0600,23.6,,0.3
6511,2021-06-29,0700,23.7,100,0.1
6512,2021-06-29,0800,23.8,100,0
6513,2021-06-29,0900,23.9,,0
6514,2021-06-29,1000,24.5,,0
6515,2021-06-29,1100,25.3,95,0.2
6516,2021-06-29,1200,27.3,76,0
6517,2021-06-29,1300,28.3,74,0.1
6518,2021-06-29,1400,29.9,70,0.7
6519,2021-06-29,1500,30,69,1.3
6520,2021-06-29,1600,30.5,68,0.6
6521,2021-06-29,1700,30.7,60,1.3
6522,2021-06-29,1800,30.5,64,1.6
6523,2021-06-29,1900,30.7,63,0.2
6524,2021-06-29,2000,30.5,67,0.2
6525,2021-06-29,2100,28.2,67,0.1
6526,2021-06-29,2200,27.2,71,0
6527,2021-06-29,2300,26.8,77,0
6528,2021-06-30,0000,26.7,74,0.1
6529,2021-06-30,0100,25.6,82,0
6530,2021-06-30,0200,25.9,80,0.1
6531,2021-06-30,0300,25.1,95,0
6532,2021-06-30,0400,25.5,84,0.1
6533,2021-06-30,0500,24.6,93,0
6534,2021-06-30,0600,23.9,98,0.1
6535,2021-06-30,0700,24,98,0.1
6536,2021-06-30,0800,23.7,99,0
6537,2021-06-30,0900,23.1,,0.2
6538,2021-06-30,1000,23.6,98,0
6539,2021-06-30,1100,24.8,94,0.2
6540,2021-06-30,1200,28.2,74,0.7
6541,2021-06-30,1300,29.8,70,2
6542,2021-06-30,1400,30.8,61,1.5
6543,2021-06-30,1500,31.8,57,1.6
6544,2021-06-30,1600,32,51,1
6545,2021-06-30,1700,32.5,51,0.9
6546,2021-06-30,1800,32.4,55,1.2
6547,2021-06-30,1900,32.1,54,2
6548,2021-06-30,2000,31.1,56,0.8
6549,2021-06-30,2100,29.6,63,0
6550,2021-06-30,2200,28.7,73,1.1
6551,2021-06-30,2300,27.7,74,0.7
6552,2021-07-01,0000,27.4,76,1
6553,2021-07-01,0100,26.9,79,0.6
6554,2021-07-01,0200,26.2,82,1.2
6555,2021-07-01,0300,26.4,77,0.5
6556,2021-07-01,0400,25.7,88,0.2
6557,2021-07-01,0500,25.1,96,0.2
6558,2021-07-01,0600,24.8,98,0.2
6559,2021-07-01,0700,24.8,99,0.1
6560,2021-07-01,0800,24.6,99,0.3
6561,2021-07-01,0900,24.3,100,0
6562,2021-07-01,1000,24.8,100,0
6563,2021-07-01,1100,27,85,1
6564,2021-07-01,1200,29.6,71,1
6565,2021-07-01,1300,29.9,67,2
6566,2021-07-01,1400,31.5,61,1.7
6567,2021-07-01,1500,31.2,60,1.4
6568,2021-07-01,1600,32.9,53,1.1
6569,2021-07-01,1700,32.8,51,1.5
6570,2021-07-01,1800,31.9,50,2.2
6571,2021-07-01,1900,31.1,65,1.1
6572,2021-07-01,2000,25.2,97,1.5
6573,2021-07-01,2100,24.9,99,0
6574,2021-07-01,2200,25.6,92,0.6
6575,2021-07-01,2300,25.6,94,1.1
6576,2021-07-02,0000,24.9,100,0.5
6577,2021-07-02,0100,24.7,,0.6
6578,2021-07-02,0200,24.7,,0.1
6579,2021-07-02,0300,24.4,,0.4
6580,2021-07-02,0400,24.3,,0.8
6581,2021-07-02,0500,24.1,,0
6582,2021-07-02,0600,24.2,,0
6583,2021-07-02,0700,24.2,,0
6584,2021-07-02,0800,23.8,,0.6
6585,2021-07-02,0900,23.7,,0.1
6586,2021-07-02,1000,23.9,,0.6
6587,2021-07-02,1100,25.4,98,1.5
6588,2021-07-02,1200,28.1,76,1.6
6589,2021-07-02,1300,28.4,76,2.4
6590,2021-07-02,1400,28.1,76,3.2
6591,2021-07-02,1500,30,69,2.8
6592,2021-07-02,1600,30,71,0.7
6593,2021-07-02,1700,28.5,77,1.7
6594,2021-07-02,1800,30.1,70,1.4
6595,2021-07-02,1900,24.7,100,0.1
6596,2021-07-02,2000,25.3,99,0.5
6597,2021-07-02,2100,25.1,99,0.1
6598,2021-07-02,2200,24.7,,0
6599,2021-07-02,2300,24.6,,0
6600,2021-07-03,0000,24.6,,0
6601,2021-07-03,0100,24.6,,0
6602,2021-07-03,0200,24.3,,0
6603,2021-07-03,0300,24.3,,0.2
6604,2021-07-03,0400,24.2,,0.2
6605,2021-07-03,0500,24,,0
6606,2021-07-03,0600,23.8,,0
6607,2021-07-03,0700,23.7,,0
6608,2021-07-03,0800,23.5,,0
6609,2021-07-03,0900,23.3,,0
6610,2021-07-03,1000,23.5,,0
6611,2021-07-03,1100,25.7,94,0.3
6612,2021-07-03,1200,27,80,1.7
6613,2021-07-03,1300,28.8,73,0.7
6614,2021-07-03,1400,29.7,66,1.1
6615,2021-07-03,1500,30.3,66,1.6
6616,2021-07-03,1600,31,60,2
6617,2021-07-03,1700,31.3,55,2.4
6618,2021-07-03,1800,30.9,64,1.2
6619,2021-07-03,1900,28.4,70,1
6620,2021-07-03,2000,26.7,77,1.2
6621,2021-07-03,2100,26.3,78,0.6
6622,2021-07-03,2200,24.8,90,2.3
6623,2021-07-03,2300,24.3,100,0.2
6624,2021-07-04,0000,24,100,0
6625,2021-07-04,0100,24,100,0.1
6626,2021-07-04,0200,24.2,100,0
6627,2021-07-04,0300,24,100,0.4
6628,2021-07-04,0400,24.3,100,0
6629,2021-07-04,0500,24.2,100,0
6630,2021-07-04,0600,24.1,,0
6631,2021-07-04,0700,24.2,,0
6632,2021-07-04,0800,24.6,,0
6633,2021-07-04,0900,24.6,,0
6634,2021-07-04,1000,25.4,,0
6635,2021-07-04,1100,27.4,85,0.7
6636,2021-07-04,1200,28.4,77,0.7
6637,2021-07-04,1300,28.6,75,1
6638,2021-07-04,1400,27.6,80,0.7
6639,2021-07-04,1500,27.7,82,2
6640,2021-07-04,1600,29.5,71,1.8
6641,2021-07-04,1700,30.5,69,2.3
6642,2021-07-04,1800,26.7,77,3.2
6643,2021-07-04,1900,23.3,,1.6
6644,2021-07-04,2000,23.7,,0.5
6645,2021-07-04,2100,24,100,0.4
6646,2021-07-04,2200,24.4,100,0.6
6647,2021-07-04,2300,24.2,,0.2
6648,2021-07-05,0000,23.9,,0
6649,2021-07-05,0100,24,,0
6650,2021-07-05,0200,24,,0.1
6651,2021-07-05,0300,24,,0
6652,2021-07-05,0400,24,,0
6653,2021-07-05,0500,23.8,,0
6654,2021-07-05,0600,23.6,,0
6655,2021-07-05,0700,23.2,,0
6656,2021-07-05,0800,22.9,,0
6657,2021-07-05,0900,22.8,,0
6658,2021-07-05,1000,23.2,,0
6659,2021-07-05,1100,24.4,,0.3
6660,2021-07-05,1200,27.8,77,1.2
6661,2021-07-05,1300,29.9,72,1.2
6662,2021-07-05,1400,29.9,68,0.2
6663,2021-07-05,1500,29.9,70,0.8
6664,2021-07-05,1600,30.5,63,1.8
6665,2021-07-05,1700,31.8,59,2.3
6666,2021-07-05,1800,32.5,56,1.1
6667,2021-07-05,1900,31.3,56,0.6
6668,2021-07-05,2000,27.9,78,1.4
6669,2021-07-05,2100,26.7,79,1
6670,2021-07-05,2200,24.4,99,1
6671,2021-07-05,2300,24.5,100,0
6672,2021-07-06,0000,24.7,,0
6673,2021-07-06,0100,24.7,99,0.3
6674,2021-07-06,0200,24.3,100,0.3
6675,2021-07-06,0300,24.2,100,1.1
6676,2021-07-06,0400,24.2,,0.7
6677,2021-07-06,0500,24.1,,0
6678,2021-07-06,0600,23.7,,0
6679,2021-07-06,0700,23.7,,0
6680,2021-07-06,0800,23.5,,0
6681,2021-07-06,0900,23.4,,0
6682,2021-07-06,1000,23.7,,0
6683,2021-07-06,1100,25,,0
6684,2021-07-06,1200,28.6,75,0.6
6685,2021-07-06,1300,29.3,73,0.5
6686,2021-07-06,1400,29.8,66,0.7
6687,2021-07-06,1500,31.6,63,0.7
6688,2021-07-06,1600,31.6,66,0.4
6689,2021-07-06,1700,31.1,60,1.3
6690,2021-07-06,1800,31.7,59,0.3
6691,2021-07-06,1900,29.9,68,0.7
6692,2021-07-06,2000,26.8,76,1.3
6693,2021-07-06,2100,24,,0.9
6694,2021-07-06,2200,24,,0
6695,2021-07-06,2300,24.3,100,0.2
6696,2021-07-07,0000,23.8,,1.1
6697,2021-07-07,0100,23.8,,0.7
6698,2021-07-07,0200,23.7,,0
6699,2021-07-07,0300,23.6,,0.2
6700,2021-07-07,0400,23.3,,0
6701,2021-07-07,0500,23.5,,0
6702,2021-07-07,0600,23.3,,0
6703,2021-07-07,0700,23.1,,0
6704,2021-07-07,0800,22.9,,0
6705,2021-07-07,0900,22.8,,0
6706,2021-07-07,1000,23.2,,0
6707,2021-07-07,1100,25.4,97,0.1
6708,2021-07-07,1200,28.7,74,0
6709,2021-07-07,1300,29.5,69,0
6710,2021-07-07,1400,29.7,67,0
6711,2021-07-07,1500,31.6,62,0
6712,2021-07-07,1600,30.5,66,0
6713,2021-07-07,1700,30.8,64,0
6714,2021-07-07,1800,32.4,60,0
6715,2021-07-07,1900,32.1,59,0
6716,2021-07-07,2000,31,60,0
6717,2021-07-07,2100,29.1,68,0
6718,2021-07-07,2200,25.6,85,0
6719,2021-07-07,2300,25.2,90,0
6720,2021-07-08,0000,25.5,92,0
6721,2021-07-08,0100,25.2,89,0
6722,2021-07-08,0200,24.7,98,0
6723,2021-07-08,0300,24.6,99,0
6724,2021-07-08,0400,24.2,,0
6725,2021-07-08,0500,24.3,100,0
6726,2021-07-08,0600,24.1,100,0
6727,2021-07-08,0700,24.2,100,0
6728,2021-07-08,0800,24.1,100,0
6729,2021-07-08,0900,24,,0
6730,2021-07-08,1000,24.1,,0
6731,2021-07-08,1100,26.4,95,0
6732,2021-07-08,1200,28.9,78,0
6733,2021-07-08,1300,30.6,66,0
6734,2021-07-08,1400,31.6,66,0
6735,2021-07-08,1500,32.6,61,0
6736,2021-07-08,1600,32.2,59,0
6737,2021-07-08,1700,31.3,65,0
6738,2021-07-08,1800,33.1,57,0
6739,2021-07-08,1900,32.5,63,0
6740,2021-07-08,2000,29.7,69,0
6741,2021-07-08,2100,28.4,79,0
6742,2021-07-08,2200,27,79,0
6743,2021-07-08,2300,26.6,78,0
6744,2021-07-09,0000,26.2,78,0
6745,2021-07-09,0100,25.7,83,0
6746,2021-07-09,0200,24.9,88,0
6747,2021-07-09,0300,24.7,89,0
6748,2021-07-09,0400,24.2,90,0
6749,2021-07-09,0500,24.4,91,0
6750,2021-07-09,0600,24.1,93,0
6751,2021-07-09,0700,23.9,94,0
6752,2021-07-09,0800,23.9,95,0
6753,2021-07-09,0900,23.7,95,0
6754,2021-07-09,1000,24.1,95,0
6755,2021-07-09,1100,26.6,86,0
6756,2021-07-09,1200,29.2,74,0
6757,2021-07-09,1300,30.7,66,0
6758,2021-07-09,1400,31.8,65,0
6759,2021-07-09,1500,32.8,61,0
6760,2021-07-09,1600,32.1,63,0
6761,2021-07-09,1700,31.9,66,0
6762,2021-07-09,1800,32.3,60,0
6763,2021-07-09,1900,31.5,66,0
6764,2021-07-09,2000,29.4,72,0
6765,2021-07-09,2100,25.9,89,0
6766,2021-07-09,2200,26.2,87,0
6767,2021-07-09,2300,25.5,88,0
6768,2021-07-10,0000,24.7,94,0
6769,2021-07-10,0100,24.6,93,0
6770,2021-07-10,0200,24.3,94,0
6771,2021-07-10,0300,24.5,93,0
6772,2021-07-10,0400,24.2,93,0
6773,2021-07-10,0500,24.2,93,0
6774,2021-07-10,0600,24,95,0
6775,2021-07-10,0700,23.7,96,0
6776,2021-07-10,0800,23.7,96,0
6777,2021-07-10,0900,23.6,96,0
6778,2021-07-10,1000,23.9,95,0
6779,2021-07-10,1100,25.6,91,0
6780,2021-07-10,1200,28.6,78,0
6781,2021-07-10,1300,30.3,69,0
6782,2021-07-10,1400,31.2,70,0
6783,2021-07-10,1500,32.7,64,0
6784,2021-07-10,1600,31,65,0
6785,2021-07-10,1700,31.9,64,0
6786,2021-07-10,1800,31.5,62,0
6787,2021-07-10,1900,28.4,75,0
6788,2021-07-10,2000,25.7,88,0
6789,2021-07-10,2100,25.6,89,0
6790,2021-07-10,2200,25.1,93,0
6791,2021-07-10,2300,25.1,92,0
6792,2021-07-11,0000,25.1,91,0
6793,2021-07-11,0100,24.6,94,0
6794,2021-07-11,0200,24.5,94,0
6795,2021-07-11,0300,24.4,95,0
6796,2021-07-11,0400,24.4,96,0
6797,2021-07-11,0500,24.3,97,0
6798,2021-07-11,0600,24.3,96,0
6799,2021-07-11,0700,23.9,97,0
6800,2021-07-11,0800,23.8,96,0
6801,2021-07-11,0900,23.6,97,0
6802,2021-07-11,1000,24.2,95,0
6803,2021-07-11,1100,25.3,93,0
6804,2021-07-11,1200,28,80,0
6805,2021-07-11,1300,28.8,75,0
6806,2021-07-11,1400,29.4,72,0
6807,2021-07-11,1500,31,65,0
6808,2021-07-11,1600,30.5,68,0
6809,2021-07-11,1700,31.9,65,0
6810,2021-07-11,1800,30.8,66,0
6811,2021-07-11,1900,31.1,63,0
6812,2021-07-11,2000,31.3,65,0
6813,2021-07-11,2100,29.6,72,0
6814,2021-07-11,2200,28.4,77,0
6815,2021-07-11,2300,26.1,82,0
6816,2021-07-12,0000,24.7,91,0
6817,2021-07-12,0100,24.9,88,0
6818,2021-07-12,0200,24.8,91,0
6819,2021-07-12,0300,24.5,92,0
6820,2021-07-12,0400,24.6,91,0
6821,2021-07-12,0500,24.3,93,0
6822,2021-07-12,0600,24.2,94,0
6823,2021-07-12,0700,24.1,94,0
6824,2021-07-12,0800,24.2,93,0
6825,2021-07-12,0900,23.9,95,0
6826,2021-07-12,1000,24.2,95,0
6827,2021-07-12,1100,25.3,92,0
6828,2021-07-12,1200,28.6,75,0
6829,2021-07-12,1300,30.3,70,0
6830,2021-07-12,1400,30.7,67,0
6831,2021-07-12,1500,31.4,66,0
6832,2021-07-12,1600,32,66,0
6833,2021-07-12,1700,33.2,59,0
6834,2021-07-12,1800,32.4,62,0
6835,2021-07-12,1900,31.9,62,0
6836,2021-07-12,2000,30.1,71,0
6837,2021-07-12,2100,27.8,80,0
6838,2021-07-12,2200,24.9,95,0
6839,2021-07-12,2300,24.2,97,0
6840,2021-07-13,0000,24.4,97,0
6841,2021-07-13,0100,24.6,97,0
6842,2021-07-13,0200,24.4,95,0
6843,2021-07-13,0300,24.4,96,0
6844,2021-07-13,0400,24.7,97,0
6845,2021-07-13,0500,24.5,97,0
6846,2021-07-13,0600,24.4,97,0
6847,2021-07-13,0700,24.3,97,0
6848,2021-07-13,0800,24.3,98,0
6849,2021-07-13,0900,24.2,98,0
6850,2021-07-13,1000,24.4,98,0
6851,2021-07-13,1100,25.2,96,0
6852,2021-07-13,1200,26.3,92,0
6853,2021-07-13,1300,27.7,87,0
6854,2021-07-13,1400,29.3,80,0
6855,2021-07-13,1500,29.6,77,0
6856,2021-07-13,1600,30.7,74,0
6857,2021-07-13,1700,31.6,67,0
6858,2021-07-13,1800,31.9,65,0
6859,2021-07-13,1900,30.8,71,0
6860,2021-07-13,2000,29.9,73,0
6861,2021-07-13,2100,29.1,77,0
6862,2021-07-13,2200,25.8,84,0
6863,2021-07-13,2300,24,96,0
6864,2021-07-14,0000,24.1,95,0
6865,2021-07-14,0100,24.1,96,0
6866,2021-07-14,0200,24.1,96,0
6867,2021-07-14,0300,24.2,96,0
6868,2021-07-14,0400,24.3,97,0
6869,2021-07-14,0500,24,97,0
6870,2021-07-14,0600,24,97,0
6871,2021-07-14,0700,24.3,97,0
6872,2021-07-14,0800,24.3,96,0
6873,2021-07-14,0900,24.3,96,0
6874,2021-07-14,1000,25,96,0
6875,2021-07-14,1100,26.1,91,0
6876,2021-07-14,1200,29.2,79,0
6877,2021-07-14,1300,29.4,77,0
6878,2021-07-14,1400,30.5,71,0
6879,2021-07-14,1500,30.7,71,0
6880,2021-07-14,1600,31,70,0
6881,2021-07-14,1700,32,68,0
6882,2021-07-14,1800,30.6,70,0
6883,2021-07-14,1900,30.8,70,0
6884,2021-07-14,2000,28.3,70,0
6885,2021-07-14,2100,27.9,81,0
6886,2021-07-14,2200,25.8,91,0
6887,2021-07-14,2300,25.3,91,0
6888,2021-07-15,0000,24.4,95,0
6889,2021-07-15,0100,24,95,0
6890,2021-07-15,0200,23.9,96,0
6891,2021-07-15,0300,23.8,94,0
6892,2021-07-15,0400,23.5,95,0
6893,2021-07-15,0500,23.3,96,0
6894,2021-07-15,0600,23.2,97,0
6895,2021-07-15,0700,23,98,0
6896,2021-07-15,0800,22.9,98,0
6897,2021-07-15,0900,22.8,97,0
6898,2021-07-15,1000,23.5,97,0
6899,2021-07-15,1100,25.6,92,0
6900,2021-07-15,1200,28.7,76,0
6901,2021-07-15,1300,30,72,0
6902,2021-07-15,1400,30.3,69,0
6903,2021-07-15,1500,31.6,65,0
6904,2021-07-15,1600,32.1,62,0
6905,2021-07-15,1700,32.2,59,0
6906,2021-07-15,1800,32.3,60,0
6907,2021-07-15,1900,31.8,59,0
6908,2021-07-15,2000,31.5,69,0
6909,2021-07-15,2100,29.5,76,0
6910,2021-07-15,2200,28.8,78,0
6911,2021-07-15,2300,24.7,92,0
6912,2021-07-16,0000,24.9,94,0
6913,2021-07-16,0100,24.9,94,0
6914,2021-07-16,0200,23.8,96,0
6915,2021-07-16,0300,23.9,97,0
6916,2021-07-16,0400,23.5,95,0
6917,2021-07-16,0500,23.9,96,0
6918,2021-07-16,0600,24,96,0
6919,2021-07-16,0700,24,97,0
6920,2021-07-16,0800,23.9,96,0
6921,2021-07-16,0900,23.8,97,0
6922,2021-07-16,1000,24.1,96,0
6923,2021-07-16,1100,25.8,88,0
6924,2021-07-16,1200,26.5,85,0
6925,2021-07-16,1300,28.1,80,0
6926,2021-07-16,1400,29.1,75,0
6927,2021-07-16,1500,29,76,0
6928,2021-07-16,1600,30.6,70,0
6929,2021-07-16,1700,31.4,68,0
6930,2021-07-16,1800,32.4,61,0
6931,2021-07-16,1900,31.3,65,0
6932,2021-07-16,2000,30.7,71,0
6933,2021-07-16,2100,27.2,77,0
6934,2021-07-16,2200,24.4,94,0
6935,2021-07-16,2300,23.9,93,0
6936,2021-07-17,0000,23.7,96,0
6937,2021-07-17,0100,23.8,96,0
6938,2021-07-17,0200,24,96,0
6939,2021-07-17,0300,23.9,96,0
6940,2021-07-17,0400,23.7,96,0
6941,2021-07-17,0500,23.6,96,0
6942,2021-07-17,0600,23.4,97,0
6943,2021-07-17,0700,23.4,96,0
6944,2021-07-17,0800,23.5,96,0
6945,2021-07-17,0900,23.2,97,0
6946,2021-07-17,1000,23.6,97,0
6947,2021-07-17,1100,25.4,93,0
6948,2021-07-17,1200,28.6,80,0
6949,2021-07-17,1300,30,72,0
6950,2021-07-17,1400,31.2,70,0
6951,2021-07-17,1500,32.3,66,0
6952,2021-07-17,1600,31.4,66,0
6953,2021-07-17,1700,32.6,64,0
6954,2021-07-17,1800,32,68,0
6955,2021-07-17,1900,31.5,66,0
6956,2021-07-17,2000,27,87,0
6957,2021-07-17,2100,27.3,84,0
6958,2021-07-17,2200,26.8,83,0
6959,2021-07-17,2300,26.1,85,0
6960,2021-07-18,0000,26.1,85,0
6961,2021-07-18,0100,26.1,84,0
6962,2021-07-18,0200,25.4,89,0
6963,2021-07-18,0300,25.1,91,0
6964,2021-07-18,0400,24.8,93,0
6965,2021-07-18,0500,24.5,95,0
6966,2021-07-18,0600,24.3,95,0
6967,2021-07-18,0700,24.1,95,0
6968,2021-07-18,0800,24,95,0
6969,2021-07-18,0900,23.6,97,0
6970,2021-07-18,1000,23.9,96,0
6971,2021-07-18,1100,26,90,0
6972,2021-07-18,1200,29.2,73,0
6973,2021-07-18,1300,30.2,66,0
6974,2021-07-18,1400,30.8,67,0
6975,2021-07-18,1500,32.5,63,0
6976,2021-07-18,1600,32.4,62,0
6977,2021-07-18,1700,31.1,69,0
6978,2021-07-18,1800,31.8,66,0
6979,2021-07-18,1900,29.7,73,0
6980,2021-07-18,2000,28.2,68,0
6981,2021-07-18,2100,27,80,0
6982,2021-07-18,2200,25.8,87,0
6983,2021-07-18,2300,25.4,91,0
6984,2021-07-19,0000,24.2,93,0
6985,2021-07-19,0100,24.1,95,0
6986,2021-07-19,0200,23.5,95,0
6987,2021-07-19,0300,23.1,95,0
6988,2021-07-19,0400,23.4,93,0
6989,2021-07-19,0500,23.4,95,0
6990,2021-07-19,0600,23.5,95,0
6991,2021-07-19,0700,23.7,95,0
6992,2021-07-19,0800,24.1,91,0
6993,2021-07-19,0900,24.1,92,0
6994,2021-07-19,1000,24.2,92,0
6995,2021-07-19,1100,26.3,86,0
6996,2021-07-19,1200,28.9,77,0
6997,2021-07-19,1300,30.3,66,0
6998,2021-07-19,1400,31.2,64,0
6999,2021-07-19,1500,30.8,65,0
7000,2021-07-19,1600,30.9,68,0
7001,2021-07-19,1700,30.8,69,0
7002,2021-07-19,1800,31.8,66,0
7003,2021-07-19,1900,30.5,66,0
7004,2021-07-19,2000,30.3,70,0
7005,2021-07-19,2100,24.9,93,0
7006,2021-07-19,2200,24.9,94,0
7007,2021-07-19,2300,24.8,94,0
7008,2021-07-20,0000,24.7,96,0
7009,2021-07-20,0100,24.4,95,0
7010,2021-07-20,0200,24.6,94,0
7011,2021-07-20,0300,24.6,95,0
7012,2021-07-20,0400,24.4,96,0
7013,2021-07-20,0500,24.3,96,0
7014,2021-07-20,0600,24.2,96,0
7015,2021-07-20,0700,24.2,96,0
7016,2021-07-20,0800,24.1,95,0
7017,2021-07-20,0900,23.7,97,0
7018,2021-07-20,1000,24,97,0
7019,2021-07-20,1100,26.3,90,0
7020,2021-07-20,1200,29.2,78,0
7021,2021-07-20,1300,30.3,72,0
7022,2021-07-20,1400,31.2,69,0
7023,2021-07-20,1500,31.6,65,0
7024,2021-07-20,1600,31.4,67,0
7025,2021-07-20,1700,33.3,60,0
7026,2021-07-20,1800,31,69,0
7027,2021-07-20,1900,30.2,66,0
7028,2021-07-20,2000,23.7,97,0
7029,2021-07-20,2100,24,95,0
7030,2021-07-20,2200,24.6,95,0
7031,2021-07-20,2300,24.4,95,0
7032,2021-07-21,0000,24.3,95,0
7033,2021-07-21,0100,24.1,95,0
7034,2021-07-21,0200,24.2,94,0
7035,2021-07-21,0300,24.3,94,0
7036,2021-07-21,0400,24.2,94,0
7037,2021-07-21,0500,24.2,94,0
7038,2021-07-21,0600,24.1,95,0
7039,2021-07-21,0700,24,96,0
7040,2021-07-21,0800,23.9,96,0
7041,2021-07-21,0900,23.8,96,0
7042,2021-07-21,1000,24.3,95,0
7043,2021-07-21,1100,26.5,89,0
7044,2021-07-21,1200,28.9,80,0
7045,2021-07-21,1300,30,74,0
7046,2021-07-21,1400,30.8,72,0
7047,2021-07-21,1500,31.5,67,0
7048,2021-07-21,1600,31.2,67,0
7049,2021-07-21,1700,32.2,65,0
7050,2021-07-21,1800,32.3,63,0
7051,2021-07-21,1900,25.3,91,0
7052,2021-07-21,2000,25.1,95,0
7053,2021-07-21,2100,24.7,93,0
7054,2021-07-21,2200,24.8,94,0
7055,2021-07-21,2300,24.6,95,0
7056,2021-07-22,0000,24.5,96,0
7057,2021-07-22,0100,24.5,95,0
7058,2021-07-22,0200,24.1,95,0
7059,2021-07-22,0300,23.8,97,0
7060,2021-07-22,0400,23.7,97,0
7061,2021-07-22,0500,23.7,98,0
7062,2021-07-22,0600,23.9,97,0
7063,2021-07-22,0700,23.8,97,0
7064,2021-07-22,0800,23.4,97,0
7065,2021-07-22,0900,23.3,97,0
7066,2021-07-22,1000,23.6,97,0
7067,2021-07-22,1100,25.7,91,0
7068,2021-07-22,1200,28.7,79,0
7069,2021-07-22,1300,29.8,76,2
7070,2021-07-22,1400,30.9,75,1.1
7071,2021-07-22,1500,30.9,69,0
7072,2021-07-22,1600,31.1,64,0
7073,2021-07-22,1700,31.7,61,0
7074,2021-07-22,1800,30.8,66,2.5
7075,2021-07-22,1900,31.4,62,3.1
7076,2021-07-22,2000,31.2,64,1.7
7077,2021-07-22,2100,29.8,69,0.2
7078,2021-07-22,2200,28,79,0
7079,2021-07-22,2300,28.1,80,1.1
7080,2021-07-23,0000,27.2,84,1.4
7081,2021-07-23,0100,25.1,96,0.4
7082,2021-07-23,0200,25,96,0.1
7083,2021-07-23,0300,24.8,97,0
7084,2021-07-23,0400,24.4,98,0
7085,2021-07-23,0500,24.2,98,0
7086,2021-07-23,0600,23.8,98,0
7087,2021-07-23,0700,23.7,98,0
7088,2021-07-23,0800,23.6,98,0
7089,2021-07-23,0900,23.3,98,0
7090,2021-07-23,1000,24,98,0.6
7091,2021-07-23,1100,25.4,94,1.1
7092,2021-07-23,1200,28.5,79,1.6
7093,2021-07-23,1300,30.4,74,2
7094,2021-07-23,1400,30.6,71,3
7095,2021-07-23,1500,30.2,70,2
7096,2021-07-23,1600,31.3,62,3.8
7097,2021-07-23,1700,31.7,62,2.9
7098,2021-07-23,1800,32,60,2
7099,2021-07-23,1900,31,62,1.4
7100,2021-07-23,2000,30.9,64,0.8
7101,2021-07-23,2100,23.3,93,0.5
7102,2021-07-23,2200,23.7,95,0.2
7103,2021-07-23,2300,24.1,95,0.3
7104,2021-07-24,0000,24.2,94,0
7105,2021-07-24,0100,24.4,94,0.8
7106,2021-07-24,0200,24.2,94,0.2
7107,2021-07-24,0300,23.9,95,0.2
7108,2021-07-24,0400,23.7,94,0.6
7109,2021-07-24,0500,23.5,95,0.2
7110,2021-07-24,0600,23.4,95,0.2
7111,2021-07-24,0700,23.2,96,0.1
7112,2021-07-24,0800,23.1,96,0.1
7113,2021-07-24,0900,23.2,96,0.4
7114,2021-07-24,1000,23.5,97,0.4
7115,2021-07-24,1100,25.5,89,1.6
7116,2021-07-24,1200,28.1,76,2.1
7117,2021-07-24,1300,29.2,72,1.8
7118,2021-07-24,1400,30.5,69,1.8
7119,2021-07-24,1500,31.7,65,2.3
7120,2021-07-24,1600,31.7,59,3.3
7121,2021-07-24,1700,31.4,56,3.3
7122,2021-07-24,1800,30.8,64,1.6
7123,2021-07-24,1900,32.2,58,1.6
7124,2021-07-24,2000,29.8,63,0.8
7125,2021-07-24,2100,29.1,67,0.1
7126,2021-07-24,2200,27.5,79,0
7127,2021-07-24,2300,24.6,97,0.6
7128,2021-07-25,0000,24.9,95,0.2
7129,2021-07-25,0100,24.7,96,0.4
7130,2021-07-25,0200,24.8,97,0.1
7131,2021-07-25,0300,24.6,96,0.1
7132,2021-07-25,0400,24.6,95,0.1
7133,2021-07-25,0500,24.4,95,0
7134,2021-07-25,0600,24.3,96,0
7135,2021-07-25,0700,23.8,97,0
7136,2021-07-25,0800,23.3,97,0
7137,2021-07-25,0900,23.2,98,0
7138,2021-07-25,1000,23.4,98,0
7139,2021-07-25,1100,25.3,90,0.5
7140,2021-07-25,1200,28.4,77,1.5
7141,2021-07-25,1300,29.4,68,1.9
7142,2021-07-25,1400,30.6,65,2.4
7143,2021-07-25,1500,31.1,59,3.1
7144,2021-07-25,1600,32.1,57,2.3
7145,2021-07-25,1700,32.6,53,2.6
7146,2021-07-25,1800,32.3,54,2.9
7147,2021-07-25,1900,32,55,2.5
7148,2021-07-25,2000,31.3,57,2.3
7149,2021-07-25,2100,29.7,66,0.3
7150,2021-07-25,2200,27.6,80,0
7151,2021-07-25,2300,26.6,86,0
7152,2021-07-26,0000,26.2,87,0
7153,2021-07-26,0100,27.2,85,0.4
7154,2021-07-26,0200,26.5,87,1
7155,2021-07-26,0300,25.8,90,0.6
7156,2021-07-26,0400,25.5,91,0.6
7157,2021-07-26,0500,25.2,91,0.8
7158,2021-07-26,0600,24.9,92,0.6
7159,2021-07-26,0700,24.9,91,0.8
7160,2021-07-26,0800,24.7,92,1
7161,2021-07-26,0900,24.6,92,0.6
7162,2021-07-26,1000,24.8,92,1.1
7163,2021-07-26,1100,26.6,85,1
7164,2021-07-26,1200,29.7,73,1.1
7165,2021-07-26,1300,30.2,70,1.2
7166,2021-07-26,1400,31.6,62,1.7
7167,2021-07-26,1500,32.9,58,1.4
7168,2021-07-26,1600,32.5,57,3.5
7169,2021-07-26,1700,32.9,58,2.6
7170,2021-07-26,1800,32.5,55,3.4
7171,2021-07-26,1900,32.3,56,2.7
7172,2021-07-26,2000,31.5,57,2.2
7173,2021-07-26,2100,29.7,65,0.5
7174,2021-07-26,2200,28.2,75,0
7175,2021-07-26,2300,27.1,83,0
7176,2021-07-27,0000,27.4,83,0.5
7177,2021-07-27,0100,26.6,87,1.6
7178,2021-07-27,0200,26.3,87,0.9
7179,2021-07-27,0300,25.7,89,0.9
7180,2021-07-27,0400,25.7,88,1.1
7181,2021-07-27,0500,25.4,89,1.6
7182,2021-07-27,0600,24.9,91,0.1
7183,2021-07-27,0700,24.5,94,0.4
7184,2021-07-27,0800,24.3,95,0.2
7185,2021-07-27,0900,24.1,96,0.2
7186,2021-07-27,1000,24.5,95,0.1
7187,2021-07-27,1100,26.7,87,1.3
7188,2021-07-27,1200,29.3,72,0.7
7189,2021-07-27,1300,31.7,63,1.1
7190,2021-07-27,1400,32.1,60,1.1
7191,2021-07-27,1500,33.2,55,1.6
7192,2021-07-27,1600,33.4,60,1.2
7193,2021-07-27,1700,33.5,57,0.7
7194,2021-07-27,1800,33.1,64,2
7195,2021-07-27,1900,30,72,1.1
7196,2021-07-27,2000,28.3,69,0.9
7197,2021-07-27,2100,27.6,74,1.1
7198,2021-07-27,2200,27.5,77,1
7199,2021-07-27,2300,27.4,81,1.5
7200,2021-07-28,0000,25.7,81,0.8
7201,2021-07-28,0100,25.8,83,0.6
7202,2021-07-28,0200,25.3,87,0.4
7203,2021-07-28,0300,25.8,86,0.2
7204,2021-07-28,0400,25.2,90,0.2
7205,2021-07-28,0500,24.8,92,0.6
7206,2021-07-28,0600,24.9,92,0
7207,2021-07-28,0700,24.8,93,0.5
7208,2021-07-28,0800,24.6,94,0.7
7209,2021-07-28,0900,24.4,95,0.6
7210,2021-07-28,1000,25.1,93,0.7
7211,2021-07-28,1100,27.6,82,1.8
7212,2021-07-28,1200,29.8,73,1.3
7213,2021-07-28,1300,30.3,69,1.8
7214,2021-07-28,1400,32,66,1.6
7215,2021-07-28,1500,32.1,67,2.6
7216,2021-07-28,1600,32.7,65,1.8
7217,2021-07-28,1700,33.1,61,0.8
7218,2021-07-28,1800,30.5,67,1.3
7219,2021-07-28,1900,29.8,65,0.7
7220,2021-07-28,2000,28.7,68,1.3
7221,2021-07-28,2100,27.1,78,1.2
7222,2021-07-28,2200,26.1,80,1.7
7223,2021-07-28,2300,25.3,85,0.8
7224,2021-07-29,0000,24.9,90,0.1
7225,2021-07-29,0100,25.3,88,0.9
7226,2021-07-29,0200,24.6,95,0
7227,2021-07-29,0300,24.6,95,0.1
7228,2021-07-29,0400,24.4,93,0.1
7229,2021-07-29,0500,24.8,92,0.1
7230,2021-07-29,0600,24.9,96,0.1
7231,2021-07-29,0700,24.8,94,0
7232,2021-07-29,0800,24.9,95,0
7233,2021-07-29,0900,25,95,0
7234,2021-07-29,1000,25.5,92,0.3
7235,2021-07-29,1100,26.7,88,0.3
7236,2021-07-29,1200,29.4,78,1.3
7237,2021-07-29,1300,29.1,77,0.6
7238,2021-07-29,1400,32.4,64,0.7
7239,2021-07-29,1500,32.2,64,0.7
7240,2021-07-29,1600,30.8,71,0.7
7241,2021-07-29,1700,31,73,1.9
7242,2021-07-29,1800,30.6,73,1.2
7243,2021-07-29,1900,30.5,64,0.6
7244,2021-07-29,2000,30.4,63,1
7245,2021-07-29,2100,27.4,68,0.7
7246,2021-07-29,2200,27.2,77,0.6
7247,2021-07-29,2300,26.2,90,0.3
7248,2021-07-30,0000,25.5,91,0.5
7249,2021-07-30,0100,25.3,89,0.6
7250,2021-07-30,0200,25.2,91,0.1
7251,2021-07-30,0300,24.5,94,2.1
7252,2021-07-30,0400,24.4,95,0
7253,2021-07-30,0500,24.1,96,0
7254,2021-07-30,0600,23.9,96,0.2
7255,2021-07-30,0700,24,96,0.1
7256,2021-07-30,0800,23.8,97,0
7257,2021-07-30,0900,23.8,97,0
7258,2021-07-30,1000,24,98,0
7259,2021-07-30,1100,26.3,89,0.3
7260,2021-07-30,1200,28.7,77,1.3
7261,2021-07-30,1300,29.4,73,1.8
7262,2021-07-30,1400,31.8,64,1.2
7263,2021-07-30,1500,31.5,65,1.1
7264,2021-07-30,1600,32.3,59,1.1
7265,2021-07-30,1700,29.4,76,1.2
7266,2021-07-30,1800,29.1,79,1
7267,2021-07-30,1900,27.3,90,1.4
7268,2021-07-30,2000,27.5,83,1.5
7269,2021-07-30,2100,27.7,83,1.3
7270,2021-07-30,2200,27.2,84,0.3
7271,2021-07-30,2300,23.5,96,0.1
7272,2021-07-31,0000,23.8,97,1
7273,2021-07-31,0100,24.1,97,0
7274,2021-07-31,0200,24.4,98,0
7275,2021-07-31,0300,24.2,98,0
7276,2021-07-31,0400,24,98,0.2
7277,2021-07-31,0500,24.1,98,0
7278,2021-07-31,0600,24,98,0
7279,2021-07-31,0700,23.9,98,0
7280,2021-07-31,0800,23.9,98,0
7281,2021-07-31,0900,23.9,98,0
7282,2021-07-31,1000,24.3,98,0
7283,2021-07-31,1100,25.5,94,0.3
7284,2021-07-31,1200,28.5,81,1
7285,2021-07-31,1300,29.3,78,1.1
7286,2021-07-31,1400,30.4,72,2.4
7287,2021-07-31,1500,29.7,73,1.7
7288,2021-07-31,1600,31.8,67,1.8
7289,2021-07-31,1700,31.5,65,1.6
7290,2021-07-31,1800,26.6,88,2.1
7291,2021-07-31,1900,26.2,93,1.4
7292,2021-07-31,2000,25.3,94,0.6
7293,2021-07-31,2100,23.4,96,2
7294,2021-07-31,2200,23.5,97,0.6
7295,2021-07-31,2300,23.4,97,0
7296,2021-08-01,0000,23.3,96,0.3
7297,2021-08-01,0100,23.3,96,0
7298,2021-08-01,0200,23.2,97,0
7299,2021-08-01,0300,23.2,97,0
7300,2021-08-01,0400,23.2,97,0
7301,2021-08-01,0500,23.1,98,0
7302,2021-08-01,0600,23,98,0
7303,2021-08-01,0700,22.9,98,0
7304,2021-08-01,0800,22.7,98,0
7305,2021-08-01,0900,22.5,98,0
7306,2021-08-01,1000,22.9,98,0
7307,2021-08-01,1100,25,91,2.1
7308,2021-08-01,1200,26.7,87,1.1
7309,2021-08-01,1300,27.7,87,2.1
7310,2021-08-01,1400,29.2,78,2.7
7311,2021-08-01,1500,29.9,74,2.5
7312,2021-08-01,1600,30.7,71,2.5
7313,2021-08-01,1700,30.3,65,2.3
7314,2021-08-01,1800,30.5,65,2.9
7315,2021-08-01,1900,31,66,2.1
7316,2021-08-01,2000,30.2,66,2.1
7317,2021-08-01,2100,28.9,72,0.2
7318,2021-08-01,2200,27.2,84,0
7319,2021-08-01,2300,25.8,90,0
7320,2021-08-02,0000,25.4,94,0
7321,2021-08-02,0100,25.2,94,0
7322,2021-08-02,0200,25.6,87,1.1
7323,2021-08-02,0300,25.4,89,0.8
7324,2021-08-02,0400,25,91,0.3
7325,2021-08-02,0500,24,96,0
7326,2021-08-02,0600,23.5,97,0
7327,2021-08-02,0700,23.1,98,0
7328,2021-08-02,0800,22.8,97,0
7329,2021-08-02,0900,22.7,97,0
7330,2021-08-02,1000,23.2,97,0
7331,2021-08-02,1100,26.3,83,0.4
7332,2021-08-02,1200,28.1,73,1.4
7333,2021-08-02,1300,30.2,66,1.9
7334,2021-08-02,1400,30.4,63,3.3
7335,2021-08-02,1500,30.6,60,3.2
7336,2021-08-02,1600,31.4,55,3.3
7337,2021-08-02,1700,31.8,54,2.7
7338,2021-08-02,1800,31.8,53,2.5
7339,2021-08-02,1900,31.8,54,2.4
7340,2021-08-02,2000,31.1,56,1.9
7341,2021-08-02,2100,29.6,62,0.5
7342,2021-08-02,2200,27.5,75,0
7343,2021-08-02,2300,26.2,83,0
7344,2021-08-03,0000,27.4,77,0
7345,2021-08-03,0100,27.6,80,0.2
7346,2021-08-03,0200,27,78,0.8
7347,2021-08-03,0300,26.1,83,0.4
7348,2021-08-03,0400,25.8,85,0.5
7349,2021-08-03,0500,25.4,87,0.2
7350,2021-08-03,0600,25.1,88,0.2
7351,2021-08-03,0700,24.6,91,0.1
7352,2021-08-03,0800,24.3,93,0
7353,2021-08-03,0900,24.3,93,0.1
7354,2021-08-03,1000,24.6,93,0.3
7355,2021-08-03,1100,26.4,86,0.2
7356,2021-08-03,1200,29,78,1
7357,2021-08-03,1300,29.7,69,0.7
7358,2021-08-03,1400,31.6,59,0.9
7359,2021-08-03,1500,31.7,55,1.9
7360,2021-08-03,1600,33.2,47,0.1
7361,2021-08-03,1700,33.3,43,0.7
7362,2021-08-03,1800,33,50,1.8
7363,2021-08-03,1900,31.9,53,1
7364,2021-08-03,2000,30.3,61,1.4
7365,2021-08-03,2100,29.5,69,0
7366,2021-08-03,2200,28.8,67,0.1
7367,2021-08-03,2300,27.1,80,0
7368,2021-08-04,0000,26.5,83,0
7369,2021-08-04,0100,25.8,87,0
7370,2021-08-04,0200,25.1,91,0
7371,2021-08-04,0300,24.9,91,0
7372,2021-08-04,0400,24.8,93,0
7373,2021-08-04,0500,24.3,94,0
7374,2021-08-04,0600,24.2,94,0.1
7375,2021-08-04,0700,24.3,94,0
7376,2021-08-04,0800,24.3,95,0
7377,2021-08-04,0900,24.2,96,0.1
7378,2021-08-04,1000,24.8,94,0
7379,2021-08-04,1100,27.6,82,0.9
7380,2021-08-04,1200,29.6,72,0.5
7381,2021-08-04,1300,30.7,67,1
7382,2021-08-04,1400,31,68,0.4
7383,2021-08-04,1500,31.4,65,0.6
7384,2021-08-04,1600,32.8,59,1.6
7385,2021-08-04,1700,33.7,48,0.8
7386,2021-08-04,1800,32.8,57,0.9
7387,2021-08-04,1900,32.5,55,1.9
7388,2021-08-04,2000,32.2,57,1.3
7389,2021-08-04,2100,30.4,62,0.9
7390,2021-08-04,2200,28.3,75,0
7391,2021-08-04,2300,28.4,72,0.7
7392,2021-08-05,0000,28.2,72,0.6
7393,2021-08-05,0100,27.8,78,0.6
7394,2021-08-05,0200,27,81,0.3
7395,2021-08-05,0300,26.3,84,0.8
7396,2021-08-05,0400,26.1,88,0.9
7397,2021-08-05,0500,25.6,90,0.8
7398,2021-08-05,0600,25.2,92,0.2
7399,2021-08-05,0700,25.3,89,0.8
7400,2021-08-05,0800,25,90,0.2
7401,2021-08-05,0900,24.8,92,0.3
7402,2021-08-05,1000,25.3,91,0.3
7403,2021-08-05,1100,27.8,81,0.7
7404,2021-08-05,1200,30.4,71,1
7405,2021-08-05,1300,31.7,62,1.2
7406,2021-08-05,1400,31.9,65,1.4
7407,2021-08-05,1500,33,61,1.1
7408,2021-08-05,1600,33.8,57,1.1
7409,2021-08-05,1700,34,53,1.7
7410,2021-08-05,1800,33.8,49,2.2
7411,2021-08-05,1900,33.5,64,1
7412,2021-08-05,2000,30.8,66,2
7413,2021-08-05,2100,29.9,68,2.2
7414,2021-08-05,2200,28.1,77,0.2
7415,2021-08-05,2300,26.9,80,0.4
7416,2021-08-06,0000,26.2,75,0.6
7417,2021-08-06,0100,26.3,76,0.8
7418,2021-08-06,0200,26,79,1.6
7419,2021-08-06,0300,25.5,84,0.6
7420,2021-08-06,0400,24.8,90,0.2
7421,2021-08-06,0500,24.3,92,0.1
7422,2021-08-06,0600,24,94,0.1
7423,2021-08-06,0700,24,94,0.1
7424,2021-08-06,0800,23.9,95,0
7425,2021-08-06,0900,23.7,96,0.4
7426,2021-08-06,1000,24.2,95,0.4
7427,2021-08-06,1100,27.2,82,1.4
7428,2021-08-06,1200,29.5,73,1.1
7429,2021-08-06,1300,30.9,67,0.9
7430,2021-08-06,1400,31.7,62,1.8
7431,2021-08-06,1500,32.5,57,2.4
7432,2021-08-06,1600,33,52,2.7
7433,2021-08-06,1700,33.4,50,2.3
7434,2021-08-06,1800,33.3,51,2
7435,2021-08-06,1900,32.5,55,2
7436,2021-08-06,2000,31.8,59,1.2
7437,2021-08-06,2100,29.7,66,2
7438,2021-08-06,2200,28,75,0.1
7439,2021-08-06,2300,27.5,76,0.3
7440,2021-08-07,0000,26.6,82,0.2
7441,2021-08-07,0100,26.3,83,0.3
7442,2021-08-07,0200,26.5,85,1
7443,2021-08-07,0300,26,87,0.9
7444,2021-08-07,0400,25.8,88,0.8
7445,2021-08-07,0500,25.5,90,0.9
7446,2021-08-07,0600,25.3,91,0.8
7447,2021-08-07,0700,25.2,91,0.9
7448,2021-08-07,0800,24.9,92,0.4
7449,2021-08-07,0900,25,92,0.1
7450,2021-08-07,1000,25.7,91,0.3
7451,2021-08-07,1100,28.2,78,1.4
7452,2021-08-07,1200,30.4,70,0.8
7453,2021-08-07,1300,30.8,62,1.8
7454,2021-08-07,1400,32.1,64,2
7455,2021-08-07,1500,32.3,58,4
7456,2021-08-07,1600,32.3,57,3.7
7457,2021-08-07,1700,32.7,55,3.4
7458,2021-08-07,1800,32.8,57,2.4
7459,2021-08-07,1900,32.3,56,3
7460,2021-08-07,2000,31.9,57,2.4
7461,2021-08-07,2100,29.9,65,1.3
7462,2021-08-07,2200,27.7,73,2.6
7463,2021-08-07,2300,27.2,76,1
7464,2021-08-08,0000,27.4,76,1.8
7465,2021-08-08,0100,26.7,81,1.5
7466,2021-08-08,0200,26.3,84,1
7467,2021-08-08,0300,25.8,85,1.2
7468,2021-08-08,0400,24.9,90,0.6
7469,2021-08-08,0500,24.9,90,0.1
7470,2021-08-08,0600,24.6,91,0.4
7471,2021-08-08,0700,24.6,91,0.5
7472,2021-08-08,0800,24.7,91,0.2
7473,2021-08-08,0900,24.2,94,0.1
7474,2021-08-08,1000,24.8,93,0.4
7475,2021-08-08,1100,27.4,83,1.6
7476,2021-08-08,1200,30.2,70,1.7
7477,2021-08-08,1300,31.2,67,2.7
7478,2021-08-08,1400,30.9,65,2.5
7479,2021-08-08,1500,31.2,59,3.5
7480,2021-08-08,1600,31.6,57,3.6
7481,2021-08-08,1700,32.3,56,3.2
7482,2021-08-08,1800,32.5,57,2.9
7483,2021-08-08,1900,32.6,57,1.8
7484,2021-08-08,2000,31.9,59,1.3
7485,2021-08-08,2100,30.3,64,0.5
7486,2021-08-08,2200,29.3,70,0
7487,2021-08-08,2300,25.4,93,2
7488,2021-08-09,0000,24.3,98,2
7489,2021-08-09,0100,24.3,97,0.4
7490,2021-08-09,0200,24,96,1.7
7491,2021-08-09,0300,23.8,95,0.1
7492,2021-08-09,0400,23.9,95,0.1
7493,2021-08-09,0500,23.9,97,0
7494,2021-08-09,0600,24,97,0
7495,2021-08-09,0700,23.6,97,0
7496,2021-08-09,0800,23.5,98,0
7497,2021-08-09,0900,23.4,97,0
7498,2021-08-09,1000,23.9,97,0
7499,2021-08-09,1100,25.6,90,1.3
7500,2021-08-09,1200,28.8,80,2
7501,2021-08-09,1300,29.2,80,2.2
7502,2021-08-09,1400,30.2,71,2.5
7503,2021-08-09,1500,32.5,65,1.7
7504,2021-08-09,1600,30.7,66,2.5
7505,2021-08-09,1700,32.8,57,2.4
7506,2021-08-09,1800,32.8,57,2.5
7507,2021-08-09,1900,31.4,60,1.8
7508,2021-08-09,2000,30.3,69,0.6
7509,2021-08-09,2100,29,69,0.5
7510,2021-08-09,2200,24.1,94,0.3
7511,2021-08-09,2300,24.5,97,0
7512,2021-08-10,0000,24.6,96,0
7513,2021-08-10,0100,24.6,97,0
7514,2021-08-10,0200,24.4,95,0.4
7515,2021-08-10,0300,23.8,97,0
7516,2021-08-10,0400,23.4,97,0.1
7517,2021-08-10,0500,23.3,97,0
7518,2021-08-10,0600,23.4,97,0.1
7519,2021-08-10,0700,23.7,95,0.1
7520,2021-08-10,0800,23.7,96,0.2
7521,2021-08-10,0900,23.8,96,0.2
7522,2021-08-10,1000,24.4,96,0.2
7523,2021-08-10,1100,26.7,86,1.4
7524,2021-08-10,1200,29,76,2.5
7525,2021-08-10,1300,30.5,72,2.5
7526,2021-08-10,1400,32.2,66,1.8
7527,2021-08-10,1500,32.3,64,2.3
7528,2021-08-10,1600,32.5,61,1.9
7529,2021-08-10,1700,32.6,61,1.9
7530,2021-08-10,1800,32.3,64,1.2
7531,2021-08-10,1900,30.5,76,1.6
7532,2021-08-10,2000,29.3,76,1.7
7533,2021-08-10,2100,23.7,94,0.7
7534,2021-08-10,2200,24.3,94,0.3
7535,2021-08-10,2300,23.4,89,3.7
7536,2021-08-11,0000,22.4,96,0.4
7537,2021-08-11,0100,22.9,97,0
7538,2021-08-11,0200,23.2,96,0
7539,2021-08-11,0300,23.4,95,0
7540,2021-08-11,0400,23.9,95,0.1
7541,2021-08-11,0500,23.9,96,0
7542,2021-08-11,0600,23.9,96,0
7543,2021-08-11,0700,23.6,98,0
7544,2021-08-11,0800,23.4,98,0
7545,2021-08-11,0900,23.5,97,0
7546,2021-08-11,1000,23.8,97,0
7547,2021-08-11,1100,26.6,87,0.4
7548,2021-08-11,1200,29.3,77,0.9
7549,2021-08-11,1300,31.1,74,1.6
7550,2021-08-11,1400,31.5,72,1.2
7551,2021-08-11,1500,31.2,72,0.7
7552,2021-08-11,1600,31.1,71,0.4
7553,2021-08-11,1700,31.4,68,0.5
7554,2021-08-11,1800,32.1,68,1.9
7555,2021-08-11,1900,28.7,80,1.2
7556,2021-08-11,2000,24.7,96,0.7
7557,2021-08-11,2100,24.6,94,2.2
7558,2021-08-11,2200,24.8,96,0
7559,2021-08-11,2300,24.8,97,0
7560,2021-08-12,0000,24.4,94,0.1
7561,2021-08-12,0100,24.3,94,0.1
7562,2021-08-12,0200,24.2,96,0.2
7563,2021-08-12,0300,24.2,95,0.1
7564,2021-08-12,0400,24.1,95,0.1
7565,2021-08-12,0500,24.3,92,0
7566,2021-08-12,0600,24.3,94,0
7567,2021-08-12,0700,24.1,94,0
7568,2021-08-12,0800,23.9,95,0
7569,2021-08-12,0900,23.9,96,0
7570,2021-08-12,1000,24.7,96,0
7571,2021-08-12,1100,27.3,89,0
7572,2021-08-12,1200,30,77,1.1
7573,2021-08-12,1300,30,77,1.8
7574,2021-08-12,1400,29.8,78,2.1
7575,2021-08-12,1500,31.7,68,1.1
7576,2021-08-12,1600,27,90,0.1
7577,2021-08-12,1700,28.8,79,1.3
7578,2021-08-12,1800,22.8,96,4.6
7579,2021-08-12,1900,24.1,97,0.2
7580,2021-08-12,2000,24.2,98,0.5
7581,2021-08-12,2100,24.1,97,0.9
7582,2021-08-12,2200,23.9,97,0.5
7583,2021-08-12,2300,23.7,96,0.7
7584,2021-08-13,0000,23.7,97,0.6
7585,2021-08-13,0100,23.8,97,0.3
7586,2021-08-13,0200,23.9,97,0.5
7587,2021-08-13,0300,23.7,97,0.3
7588,2021-08-13,0400,23.7,96,0.1
7589,2021-08-13,0500,23.7,97,0.1
7590,2021-08-13,0600,23.7,97,0
7591,2021-08-13,0700,23.7,98,0
7592,2021-08-13,0800,23.8,98,0
7593,2021-08-13,0900,24,98,0
7594,2021-08-13,1000,24.5,98,0.1
7595,2021-08-13,1100,26.4,91,0.6
7596,2021-08-13,1200,28.3,86,1.5
7597,2021-08-13,1300,29.8,80,2.2
7598,2021-08-13,1400,30.8,74,2.6
7599,2021-08-13,1500,31.1,69,2.9
7600,2021-08-13,1600,32.6,67,2
7601,2021-08-13,1700,24.5,93,0.2
7602,2021-08-13,1800,24.6,94,0.6
7603,2021-08-13,1900,25.3,96,0.1
7604,2021-08-13,2000,25.8,91,0.8
7605,2021-08-13,2100,24,96,1.9
7606,2021-08-13,2200,23.9,97,0
7607,2021-08-13,2300,23.8,97,0
7608,2021-08-14,0000,23.9,97,0.1
7609,2021-08-14,0100,23.8,97,0
7610,2021-08-14,0200,23.8,97,0
7611,2021-08-14,0300,23.7,98,0
7612,2021-08-14,0400,23.5,98,0
7613,2021-08-14,0500,23.6,98,0
7614,2021-08-14,0600,23.4,98,0
7615,2021-08-14,0700,23.3,98,0
7616,2021-08-14,0800,23,98,0
7617,2021-08-14,0900,23.1,99,0
7618,2021-08-14,1000,23.7,99,0
7619,2021-08-14,1100,25.2,92,0.7
7620,2021-08-14,1200,28.9,80,1.1
7621,2021-08-14,1300,29.9,76,0.6
7622,2021-08-14,1400,30.7,71,2.1
7623,2021-08-14,1500,32,68,2.1
7624,2021-08-14,1600,31.3,68,0.8
7625,2021-08-14,1700,32.3,69,1.5
7626,2021-08-14,1800,30.3,70,1.2
7627,2021-08-14,1900,30.1,79,1.6
7628,2021-08-14,2000,29.1,73,1
7629,2021-08-14,2100,27.2,83,0.4
7630,2021-08-14,2200,24.2,96,0.9
7631,2021-08-14,2300,24.3,96,0.6
7632,2021-08-15,0000,24,94,1
7633,2021-08-15,0100,24.3,95,0.5
7634,2021-08-15,0200,24.1,96,0
7635,2021-08-15,0300,23.6,96,0
7636,2021-08-15,0400,23.8,96,0.1
7637,2021-08-15,0500,24,94,0.2
7638,2021-08-15,0600,24.2,92,0.4
7639,2021-08-15,0700,23.8,94,0.2
7640,2021-08-15,0800,23.7,95,0
7641,2021-08-15,0900,23.4,96,0
7642,2021-08-15,1000,23.9,95,0
7643,2021-08-15,1100,26.7,83,0.6
7644,2021-08-15,1200,29.1,73,0.5
7645,2021-08-15,1300,31,58,0.9
7646,2021-08-15,1400,31.7,57,0.9
7647,2021-08-15,1500,31.9,64,1.7
7648,2021-08-15,1600,33.3,65,1.7
7649,2021-08-15,1700,33.1,62,1.8
7650,2021-08-15,1800,33.1,59,1.1
7651,2021-08-15,1900,33.6,52,0.7
7652,2021-08-15,2000,32.4,53,0.7
7653,2021-08-15,2100,30.3,64,0.8
7654,2021-08-15,2200,28.7,72,1.2
7655,2021-08-15,2300,28,78,1.4
7656,2021-08-16,0000,27.1,82,1.7
7657,2021-08-16,0100,26,88,1.5
7658,2021-08-16,0200,26.4,85,0.3
7659,2021-08-16,0300,26.4,84,0.5
7660,2021-08-16,0400,25.8,89,0.5
7661,2021-08-16,0500,25.4,90,0.2
7662,2021-08-16,0600,25.4,90,0.5
7663,2021-08-16,0700,24.9,83,0
7664,2021-08-16,0800,24.9,86,0
7665,2021-08-16,0900,24.8,89,0.2
7666,2021-08-16,1000,25.3,88,0.4
7667,2021-08-16,1100,27.8,78,0.5
7668,2021-08-16,1200,28.9,69,0.9
7669,2021-08-16,1300,31.1,65,0.7
7670,2021-08-16,1400,30.5,65,1.2
7671,2021-08-16,1500,32.6,64,0.7
7672,2021-08-16,1600,30.8,69,1.2
7673,2021-08-16,1700,30.2,71,1.5
7674,2021-08-16,1800,32.4,62,1.7
7675,2021-08-16,1900,32.3,60,1.6
7676,2021-08-16,2000,30.8,62,1
7677,2021-08-16,2100,29.7,67,0.3
7678,2021-08-16,2200,28.2,72,0.5
7679,2021-08-16,2300,27.6,77,0.6
7680,2021-08-17,0000,26.7,78,0.9
7681,2021-08-17,0100,26.1,81,0.8
7682,2021-08-17,0200,25.3,87,1.8
7683,2021-08-17,0300,25.3,88,1.1
7684,2021-08-17,0400,25.1,89,0.3
7685,2021-08-17,0500,24.7,90,0.3
7686,2021-08-17,0600,24.4,91,0.1
7687,2021-08-17,0700,24.3,93,0
7688,2021-08-17,0800,23.9,95,0.2
7689,2021-08-17,0900,23.9,95,0.3
7690,2021-08-17,1000,24.5,93,0.8
7691,2021-08-17,1100,27.8,79,1.2
7692,2021-08-17,1200,29.7,74,1.1
7693,2021-08-17,1300,30.6,68,1.9
7694,2021-08-17,1400,32.1,65,1.1
7695,2021-08-17,1500,32.4,64,1.9
7696,2021-08-17,1600,32.7,57,1.2
7697,2021-08-17,1700,33.2,56,0.6
7698,2021-08-17,1800,33.3,56,2.2
7699,2021-08-17,1900,33,55,1.9
7700,2021-08-17,2000,31.9,68,1.3
7701,2021-08-17,2100,30.1,73,1
7702,2021-08-17,2200,28.8,78,0.9
7703,2021-08-17,2300,28.2,81,0.8
7704,2021-08-18,0000,28,81,1.4
7705,2021-08-18,0100,27.2,83,0.9
7706,2021-08-18,0200,26.8,85,1.4
7707,2021-08-18,0300,26.7,85,1.3
7708,2021-08-18,0400,26.1,87,1.8
7709,2021-08-18,0500,25.7,89,1.4
7710,2021-08-18,0600,25.2,91,1
7711,2021-08-18,0700,24.9,92,0.5
7712,2021-08-18,0800,24.6,93,0.3
7713,2021-08-18,0900,24.4,94,0.2
7714,2021-08-18,1000,24.9,92,1
7715,2021-08-18,1100,27.9,79,1.1
7716,2021-08-18,1200,30,69,1.6
7717,2021-08-18,1300,30.9,65,1.9
7718,2021-08-18,1400,32,60,1.3
7719,2021-08-18,1500,33.5,55,2.1
7720,2021-08-18,1600,32.8,61,2.7
7721,2021-08-18,1700,33,56,2.8
7722,2021-08-18,1800,33.5,57,2.4
7723,2021-08-18,1900,32.8,59,1.6
7724,2021-08-18,2000,29.9,71,0.9
7725,2021-08-18,2100,29.2,70,0.8
7726,2021-08-18,2200,28,74,0
7727,2021-08-18,2300,27.6,78,0.2
7728,2021-08-19,0000,27.1,84,0.2
7729,2021-08-19,0100,27.2,84,0.3
7730,2021-08-19,0200,26.7,85,0.9
7731,2021-08-19,0300,26,87,1.2
7732,2021-08-19,0400,25.5,89,0.7
7733,2021-08-19,0500,25.3,90,1.1
7734,2021-08-19,0600,25,91,0.5
7735,2021-08-19,0700,25,91,0.3
7736,2021-08-19,0800,25.2,90,0.3
7737,2021-08-19,0900,24.8,91,0.4
7738,2021-08-19,1000,25.4,90,0.2
7739,2021-08-19,1100,27.7,80,1.8
7740,2021-08-19,1200,29.9,73,1.5
7741,2021-08-19,1300,30.6,69,2
7742,2021-08-19,1400,31.6,65,2
7743,2021-08-19,1500,32.8,58,2
7744,2021-08-19,1600,32.7,63,2.5
7745,2021-08-19,1700,33.1,59,2.5
7746,2021-08-19,1800,31.7,68,0.1
7747,2021-08-19,1900,28.4,73,1.4
7748,2021-08-19,2000,28.7,77,0
7749,2021-08-19,2100,27.9,76,0.4
7750,2021-08-19,2200,26.9,81,0.7
7751,2021-08-19,2300,26.6,82,0.6
7752,2021-08-20,0000,26.1,84,0.2
7753,2021-08-20,0100,26.5,82,0.2
7754,2021-08-20,0200,26.3,84,0.3
7755,2021-08-20,0300,25.8,87,0.7
7756,2021-08-20,0400,25.5,88,0.4
7757,2021-08-20,0500,25.1,90,1
7758,2021-08-20,0600,24.7,91,0.6
7759,2021-08-20,0700,24.6,91,0
7760,2021-08-20,0800,24,94,0.1
7761,2021-08-20,0900,24,94,0.4
7762,2021-08-20,1000,24.5,92,0.6
7763,2021-08-20,1100,27.8,79,1
7764,2021-08-20,1200,28.4,74,1.4
7765,2021-08-20,1300,31.4,65,1.6
7766,2021-08-20,1400,32.4,59,1.8
7767,2021-08-20,1500,32.8,55,1.8
7768,2021-08-20,1600,32.9,59,2.2
7769,2021-08-20,1700,33.5,49,2.8
7770,2021-08-20,1800,34.1,51,1
7771,2021-08-20,1900,33.8,48,1.5
7772,2021-08-20,2000,31,72,1.5
7773,2021-08-20,2100,29.9,77,1.1
7774,2021-08-20,2200,28.8,80,0.4
7775,2021-08-20,2300,28.2,82,1.1
7776,2021-08-21,0000,27.8,78,0.4
7777,2021-08-21,0100,26.8,82,1.4
7778,2021-08-21,0200,26.3,84,1.7
7779,2021-08-21,0300,25.9,86,1.7
7780,2021-08-21,0400,25.7,87,1.4
7781,2021-08-21,0500,25.1,90,0.7
7782,2021-08-21,0600,24.8,92,0.5
7783,2021-08-21,0700,24.2,95,0.3
7784,2021-08-21,0800,24,96,0.1
7785,2021-08-21,0900,23.8,96,0.1
7786,2021-08-21,1000,24.4,95,0.2
7787,2021-08-21,1100,27.2,83,1.3
7788,2021-08-21,1200,30,70,1.9
7789,2021-08-21,1300,31.6,66,2
7790,2021-08-21,1400,31.6,66,1.8
7791,2021-08-21,1500,31.6,63,2.6
7792,2021-08-21,1600,32.7,59,2.9
7793,2021-08-21,1700,32.1,64,2.7
7794,2021-08-21,1800,33.7,56,1.2
7795,2021-08-21,1900,33,64,1.2
7796,2021-08-21,2000,30.5,75,1.3
7797,2021-08-21,2100,29.3,78,1.3
7798,2021-08-21,2200,25,95,0.2
7799,2021-08-21,2300,25.5,89,0.1
7800,2021-08-22,0000,26.2,84,0.9
7801,2021-08-22,0100,26,87,0.9
7802,2021-08-22,0200,25.8,89,1.2
7803,2021-08-22,0300,25.3,92,0.8
7804,2021-08-22,0400,25.1,92,1.3
7805,2021-08-22,0500,24.9,93,0.7
7806,2021-08-22,0600,24.8,93,0.3
7807,2021-08-22,0700,24.7,93,0.5
7808,2021-08-22,0800,24.4,95,0.3
7809,2021-08-22,0900,24.1,95,0
7810,2021-08-22,1000,24.6,94,0.2
7811,2021-08-22,1100,27.5,82,1.7
7812,2021-08-22,1200,29.7,75,1.7
7813,2021-08-22,1300,30.4,70,1.4
7814,2021-08-22,1400,31,68,1.9
7815,2021-08-22,1500,32.3,64,1.2
7816,2021-08-22,1600,31.9,63,1.8
7817,2021-08-22,1700,32.5,67,2.1
7818,2021-08-22,1800,32.1,70,2.3
7819,2021-08-22,1900,28.7,71,0.5
7820,2021-08-22,2000,30.2,66,1.1
7821,2021-08-22,2100,27.4,74,0.8
7822,2021-08-22,2200,25.1,87,0.6
7823,2021-08-22,2300,24.9,88,0.2
7824,2021-08-23,0000,25.3,91,0.3
7825,2021-08-23,0100,25.5,91,0
7826,2021-08-23,0200,25.4,90,0.6
7827,2021-08-23,0300,25.2,92,0.8
7828,2021-08-23,0400,24.8,92,0.8
7829,2021-08-23,0500,24.6,92,0.6
7830,2021-08-23,0600,24.5,92,0.5
7831,2021-08-23,0700,24.3,93,0.6
7832,2021-08-23,0800,24,94,0.6
7833,2021-08-23,0900,24.1,93,0.5
7834,2021-08-23,1000,24.8,90,0.4
7835,2021-08-23,1100,27.4,80,0.7
7836,2021-08-23,1200,28.9,76,2.6
7837,2021-08-23,1300,30.5,72,1.6
7838,2021-08-23,1400,30.5,67,2.6
7839,2021-08-23,1500,31.5,63,1.9
7840,2021-08-23,1600,33,60,2.1
7841,2021-08-23,1700,31,66,2.1
7842,2021-08-23,1800,33.6,58,1.2
7843,2021-08-23,1900,32.7,56,1.4
7844,2021-08-23,2000,31.7,68,1.2
7845,2021-08-23,2100,30.2,72,1.1
7846,2021-08-23,2200,28.6,75,0.7
7847,2021-08-23,2300,28.2,73,0.5
7848,2021-08-24,0000,27.4,78,0.7
7849,2021-08-24,0100,26.6,84,0.5
7850,2021-08-24,0200,26,86,1.1
7851,2021-08-24,0300,25.9,86,0.9
7852,2021-08-24,0400,25.7,87,1.5
7853,2021-08-24,0500,25.5,87,1.1
7854,2021-08-24,0600,24.9,90,1.2
7855,2021-08-24,0700,24.6,92,1.4
7856,2021-08-24,0800,24.6,92,0.3
7857,2021-08-24,0900,24.3,93,0.3
7858,2021-08-24,1000,24.9,90,0.6
7859,2021-08-24,1100,27.6,80,1.6
7860,2021-08-24,1200,29.5,73,1.9
7861,2021-08-24,1300,31.1,68,2.1
7862,2021-08-24,1400,32.4,60,1.7
7863,2021-08-24,1500,32.5,62,1.9
7864,2021-08-24,1600,32.5,58,1
7865,2021-08-24,1700,31,65,2.2
7866,2021-08-24,1800,31.1,70,1.5
7867,2021-08-24,1900,28.2,79,2.1
7868,2021-08-24,2000,25.8,85,1.4
7869,2021-08-24,2100,24.2,96,0.5
7870,2021-08-24,2200,23.1,98,5.3
7871,2021-08-24,2300,22.8,98,0
7872,2021-08-25,0000,22.9,99,0.5
7873,2021-08-25,0100,23.5,99,0.1
7874,2021-08-25,0200,23.7,99,0
7875,2021-08-25,0300,23.9,99,0.1
7876,2021-08-25,0400,23.9,99,0
7877,2021-08-25,0500,23.8,99,0
7878,2021-08-25,0600,23.7,99,0
7879,2021-08-25,0700,23.4,99,0
7880,2021-08-25,0800,23.5,99,0
7881,2021-08-25,0900,23.2,99,0
7882,2021-08-25,1000,23.9,99,0
7883,2021-08-25,1100,25.2,94,1.1
7884,2021-08-25,1200,28.9,77,1.7
7885,2021-08-25,1300,30,73,2.7
7886,2021-08-25,1400,31.4,66,1.3
7887,2021-08-25,1500,32,68,2.2
7888,2021-08-25,1600,32.4,65,2.1
7889,2021-08-25,1700,32.2,65,2
7890,2021-08-25,1800,30.3,72,0.6
7891,2021-08-25,1900,32.2,70,0.8
7892,2021-08-25,2000,31.5,70,1.2
7893,2021-08-25,2100,26.5,93,0.1
7894,2021-08-25,2200,26,96,0.5
7895,2021-08-25,2300,27.1,82,0.2
7896,2021-08-26,0000,26.7,83,0.2
7897,2021-08-26,0100,26.7,82,0.5
7898,2021-08-26,0200,26.4,83,0.8
7899,2021-08-26,0300,25.4,89,0.5
7900,2021-08-26,0400,25.2,90,0.2
7901,2021-08-26,0500,25,91,0
7902,2021-08-26,0600,24.8,92,0
7903,2021-08-26,0700,24.6,95,0
7904,2021-08-26,0800,24.2,97,0
7905,2021-08-26,0900,24.6,94,0.2
7906,2021-08-26,1000,25.7,92,0
7907,2021-08-26,1100,27,86,0.2
7908,2021-08-26,1200,28.5,81,0.9
7909,2021-08-26,1300,29.6,75,0.6
7910,2021-08-26,1400,29.4,74,1.2
7911,2021-08-26,1500,30.9,68,0.7
7912,2021-08-26,1600,30.3,72,1.6
7913,2021-08-26,1700,32.7,66,1.8
7914,2021-08-26,1800,27.2,79,1.9
7915,2021-08-26,1900,25.5,89,2.4
7916,2021-08-26,2000,26,90,0.7
7917,2021-08-26,2100,25.6,90,0.4
7918,2021-08-26,2200,25.1,89,0.1
7919,2021-08-26,2300,24.9,93,0
7920,2021-08-27,0000,25,92,0.6
7921,2021-08-27,0100,24.6,95,0
7922,2021-08-27,0200,24.2,97,0.1
7923,2021-08-27,0300,24.2,94,0
7924,2021-08-27,0400,24.1,95,0.2
7925,2021-08-27,0500,24,95,0
7926,2021-08-27,0600,23.8,97,0
7927,2021-08-27,0700,23.7,97,0
7928,2021-08-27,0800,24.2,96,0
7929,2021-08-27,0900,24.8,94,0.4
7930,2021-08-27,1000,25.1,94,0.3
7931,2021-08-27,1100,26.8,88,0.4
7932,2021-08-27,1200,29.3,79,2.4
7933,2021-08-27,1300,30.7,74,2.6
7934,2021-08-27,1400,31.7,69,1.1
7935,2021-08-27,1500,32.2,66,2
7936,2021-08-27,1600,31.6,71,2.3
7937,2021-08-27,1700,32.4,67,0.8
7938,2021-08-27,1800,30.8,74,2.5
7939,2021-08-27,1900,27.6,77,2.2
7940,2021-08-27,2000,26.8,91,0.7
7941,2021-08-27,2100,26.2,87,0.8
7942,2021-08-27,2200,25.7,89,0
7943,2021-08-27,2300,26.1,83,0.6
7944,2021-08-28,0000,26.1,86,0.8
7945,2021-08-28,0100,25.7,88,0.7
7946,2021-08-28,0200,25.2,90,1
7947,2021-08-28,0300,25,91,0.7
7948,2021-08-28,0400,24.5,93,0.5
7949,2021-08-28,0500,23.9,95,0.1
7950,2021-08-28,0600,23.7,96,0.1
7951,2021-08-28,0700,23.5,96,0
7952,2021-08-28,0800,23.2,97,0
7953,2021-08-28,0900,23.1,97,0
7954,2021-08-28,1000,23.7,97,0
7955,2021-08-28,1100,26.7,85,1.2
7956,2021-08-28,1200,28.9,78,1.8
7957,2021-08-28,1300,30,71,3.1
7958,2021-08-28,1400,31.1,66,3.6
7959,2021-08-28,1500,31.7,65,2.7
7960,2021-08-28,1600,32.5,62,3.1
7961,2021-08-28,1700,32.6,60,2.7
7962,2021-08-28,1800,31.5,65,0.9
7963,2021-08-28,1900,28.8,75,0.4
7964,2021-08-28,2000,23.8,96,0
7965,2021-08-28,2100,24.1,96,0
7966,2021-08-28,2200,24.3,93,0.3
7967,2021-08-28,2300,24.2,96,0.5
7968,2021-08-29,0000,24,97,0
7969,2021-08-29,0100,24.2,96,0.2
7970,2021-08-29,0200,24,96,0.3
7971,2021-08-29,0300,23.8,95,0.6
7972,2021-08-29,0400,23.8,94,1.2
7973,2021-08-29,0500,23.4,95,0.2
7974,2021-08-29,0600,23.2,96,0.1
7975,2021-08-29,0700,22.9,97,0
7976,2021-08-29,0800,22.8,97,0
7977,2021-08-29,0900,22.6,98,0
7978,2021-08-29,1000,23.4,98,0
7979,2021-08-29,1100,26.9,85,0.8
7980,2021-08-29,1200,28.8,77,2
7981,2021-08-29,1300,29.8,71,4.5
7982,2021-08-29,1400,30.1,73,3
7983,2021-08-29,1500,30.9,65,3.3
7984,2021-08-29,1600,30.9,65,3.4
7985,2021-08-29,1700,31.3,66,2.4
7986,2021-08-29,1800,32.4,63,2.2
7987,2021-08-29,1900,31.6,63,2.8
7988,2021-08-29,2000,30.9,63,1.7
7989,2021-08-29,2100,29.5,71,0.3
7990,2021-08-29,2200,28.9,76,0.7
7991,2021-08-29,2300,28.2,80,1.3
7992,2021-08-30,0000,27.4,82,2.5
7993,2021-08-30,0100,26.5,85,1.4
7994,2021-08-30,0200,26,85,1.9
7995,2021-08-30,0300,25.4,88,0.9
7996,2021-08-30,0400,25.2,88,0.5
7997,2021-08-30,0500,25,88,0.7
7998,2021-08-30,0600,24.9,88,0.3
7999,2021-08-30,0700,24.8,89,1.2
8000,2021-08-30,0800,24.3,92,0.6
8001,2021-08-30,0900,24.1,93,0.8
8002,2021-08-30,1000,24.7,91,0.7
8003,2021-08-30,1100,27.7,80,1.9
8004,2021-08-30,1200,28.8,76,1.8
8005,2021-08-30,1300,30.2,67,2.7
8006,2021-08-30,1400,31.6,66,2.4
8007,2021-08-30,1500,31.7,63,2.2
8008,2021-08-30,1600,31.4,65,2.1
8009,2021-08-30,1700,31.4,62,1.6
8010,2021-08-30,1800,31.7,64,1.5
8011,2021-08-30,1900,30.6,68,1
8012,2021-08-30,2000,29.8,74,0.6
8013,2021-08-30,2100,29.1,71,0.5
8014,2021-08-30,2200,28.4,76,0.4
8015,2021-08-30,2300,27.9,76,1
8016,2021-08-31,0000,27.2,78,1
8017,2021-08-31,0100,26.4,82,0.8
8018,2021-08-31,0200,26.1,83,1.5
8019,2021-08-31,0300,25.8,85,0.4
8020,2021-08-31,0400,25.4,87,0.8
8021,2021-08-31,0500,25.1,88,0.5
8022,2021-08-31,0600,24.9,89,0.1
8023,2021-08-31,0700,24.6,90,0.3
8024,2021-08-31,0800,24.4,91,0.2
8025,2021-08-31,0900,24.5,91,0.2
8026,2021-08-31,1000,25.4,88,0.6
8027,2021-08-31,1100,28.2,77,0.7
8028,2021-08-31,1200,29,72,1.9
8029,2021-08-31,1300,30.5,66,1.4
8030,2021-08-31,1400,31.6,65,2.2
8031,2021-08-31,1500,32.4,62,1.3
8032,2021-08-31,1600,30.4,66,2.5
8033,2021-08-31,1700,24.6,88,0.3
8034,2021-08-31,1800,25.4,92,1
8035,2021-08-31,1900,25.6,83,1.2
8036,2021-08-31,2000,28,78,1
8037,2021-08-31,2100,27.3,82,0.2
8038,2021-08-31,2200,26.4,87,0.2
8039,2021-08-31,2300,26.3,87,0.5
8040,2021-09-01,0000,25.8,89,0.2
8041,2021-09-01,0100,25.5,90,0.4
8042,2021-09-01,0200,25.5,87,0.3
8043,2021-09-01,0300,25.3,88,0.9
8044,2021-09-01,0400,25.1,89,0.8
8045,2021-09-01,0500,24.7,90,0.1
8046,2021-09-01,0600,24.3,93,0.1
8047,2021-09-01,0700,24.2,93,0.2
8048,2021-09-01,0800,24.4,92,0
8049,2021-09-01,0900,23.9,94,0
8050,2021-09-01,1000,24.3,95,0
8051,2021-09-01,1100,28.2,78,0.7
8052,2021-09-01,1200,29.5,72,0.9
8053,2021-09-01,1300,29.6,73,0.6
8054,2021-09-01,1400,30.9,66,0.7
8055,2021-09-01,1500,33.2,59,0.9
8056,2021-09-01,1600,31.1,68,1.2
8057,2021-09-01,1700,31.3,69,1
8058,2021-09-01,1800,27.9,78,0.6
8059,2021-09-01,1900,27,77,1.3
8060,2021-09-01,2000,24.4,93,0.5
8061,2021-09-01,2100,25.1,85,0.6
8062,2021-09-01,2200,25.4,88,0.2
8063,2021-09-01,2300,26.1,85,0.2
8064,2021-09-02,0000,26.1,84,0.8
8065,2021-09-02,0100,25.9,86,0.5
8066,2021-09-02,0200,25.3,89,0.6
8067,2021-09-02,0300,24.9,91,0.4
8068,2021-09-02,0400,24.8,90,0.2
8069,2021-09-02,0500,24.3,93,0
8070,2021-09-02,0600,23.9,95,0
8071,2021-09-02,0700,23.6,97,0
8072,2021-09-02,0800,23.3,97,0
8073,2021-09-02,0900,23.4,97,0
8074,2021-09-02,1000,24.2,96,0
8075,2021-09-02,1100,27.3,81,0.5
8076,2021-09-02,1200,29.9,75,0.7
8077,2021-09-02,1300,30.1,71,1.3
8078,2021-09-02,1400,30.6,67,1.7
8079,2021-09-02,1500,30.2,73,0.7
8080,2021-09-02,1600,32.2,58,1.9
8081,2021-09-02,1700,33.5,58,0.6
8082,2021-09-02,1800,33.2,57,0.8
8083,2021-09-02,1900,31,70,0.8
8084,2021-09-02,2000,30.8,65,1.3
8085,2021-09-02,2100,28.4,77,0.9
8086,2021-09-02,2200,27.7,84,0.7
8087,2021-09-02,2300,26.2,81,3.1
8088,2021-09-03,0000,23.8,95,0.4
8089,2021-09-03,0100,24.2,96,0.1
8090,2021-09-03,0200,24.6,95,0.1
8091,2021-09-03,0300,24.8,96,0.1
8092,2021-09-03,0400,24.9,95,0.7
8093,2021-09-03,0500,24.2,91,5.1
8094,2021-09-03,0600,22.2,98,0.2
8095,2021-09-03,0700,22.7,98,0
8096,2021-09-03,0800,22.8,97,0
8097,2021-09-03,0900,22.8,96,0
8098,2021-09-03,1000,23.4,96,0.2
8099,2021-09-03,1100,24.5,94,0
8100,2021-09-03,1200,26.7,83,0.1
8101,2021-09-03,1300,29.5,75,0.2
8102,2021-09-03,1400,31.3,66,1.6
8103,2021-09-03,1500,30.6,68,1.9
8104,2021-09-03,1600,31.5,66,1.4
8105,2021-09-03,1700,24.6,93,0.8
8106,2021-09-03,1800,24.7,93,0.2
8107,2021-09-03,1900,24.6,94,0.8
8108,2021-09-03,2000,24.3,95,0.2
8109,2021-09-03,2100,24.3,93,0.1
8110,2021-09-03,2200,24.4,92,0.3
8111,2021-09-03,2300,24.6,93,0.1
8112,2021-09-04,0000,24.5,93,0.1
8113,2021-09-04,0100,24.4,93,0
8114,2021-09-04,0200,24.1,95,0.1
8115,2021-09-04,0300,24,96,0
8116,2021-09-04,0400,23.7,97,0
8117,2021-09-04,0500,23.6,97,0
8118,2021-09-04,0600,23.4,98,0.1
8119,2021-09-04,0700,23.6,97,0
8120,2021-09-04,0800,23.7,96,0.1
8121,2021-09-04,0900,23.6,97,0.1
8122,2021-09-04,1000,24.3,97,0.2
8123,2021-09-04,1100,27.7,82,0.7
8124,2021-09-04,1200,28.8,79,2.1
8125,2021-09-04,1300,29.5,76,1.9
8126,2021-09-04,1400,30.6,71,2.2
8127,2021-09-04,1500,31.5,71,1.1
8128,2021-09-04,1600,31.9,63,1.8
8129,2021-09-04,1700,31.5,66,1.2
8130,2021-09-04,1800,27.6,80,0.9
8131,2021-09-04,1900,26.5,84,1
8132,2021-09-04,2000,26.3,86,0.3
8133,2021-09-04,2100,24.8,90,3.4
8134,2021-09-04,2200,23.9,90,0.1
8135,2021-09-04,2300,24.3,90,0.1
8136,2021-09-05,0000,24.2,93,0.2
8137,2021-09-05,0100,24.7,91,0.4
8138,2021-09-05,0200,24.3,93,0
8139,2021-09-05,0300,24.4,92,0.8
8140,2021-09-05,0400,23.7,95,0
8141,2021-09-05,0500,23.2,96,0
8142,2021-09-05,0600,23,97,0
8143,2021-09-05,0700,22.8,98,0
8144,2021-09-05,0800,22.8,97,0
8145,2021-09-05,0900,22.6,97,0.1
8146,2021-09-05,1000,23.4,97,0.2
8147,2021-09-05,1100,26.7,82,1
8148,2021-09-05,1200,28.2,80,1.9
8149,2021-09-05,1300,29.8,73,3.2
8150,2021-09-05,1400,30.1,69,3.1
8151,2021-09-05,1500,30.5,67,3
8152,2021-09-05,1600,33,57,2.2
8153,2021-09-05,1700,32.3,64,1.7
8154,2021-09-05,1800,33.4,55,2.2
8155,2021-09-05,1900,34,56,1.8
8156,2021-09-05,2000,30.9,62,2.1
8157,2021-09-05,2100,29.8,66,0.5
8158,2021-09-05,2200,29.1,68,0.5
8159,2021-09-05,2300,28.1,71,0.9
8160,2021-09-06,0000,26.9,77,1.2
8161,2021-09-06,0100,26.2,82,0.6
8162,2021-09-06,0200,25.5,86,1.5
8163,2021-09-06,0300,25,90,1.2
8164,2021-09-06,0400,24.7,91,0.4
8165,2021-09-06,0500,24.6,92,0.6
8166,2021-09-06,0600,24,94,0.7
8167,2021-09-06,0700,23.8,95,0
8168,2021-09-06,0800,23.5,96,0.2
8169,2021-09-06,0900,23.4,96,0
8170,2021-09-06,1000,24,96,0
8171,2021-09-06,1100,27.9,79,1.3
8172,2021-09-06,1200,29.5,76,2.2
8173,2021-09-06,1300,30.5,68,1.9
8174,2021-09-06,1400,30.9,65,2
8175,2021-09-06,1500,32.2,58,2.1
8176,2021-09-06,1600,32.4,60,1.4
8177,2021-09-06,1700,34.3,57,0.9
8178,2021-09-06,1800,31.6,67,1.2
8179,2021-09-06,1900,27.5,87,0.5
8180,2021-09-06,2000,26.7,85,0
8181,2021-09-06,2100,27.1,90,0.2
8182,2021-09-06,2200,26.9,91,0.5
8183,2021-09-06,2300,26.9,84,0.3
8184,2021-09-07,0000,26.4,85,0.3
8185,2021-09-07,0100,26,88,0.4
8186,2021-09-07,0200,25.6,90,0.3
8187,2021-09-07,0300,25.4,91,0.3
8188,2021-09-07,0400,25.2,92,0.3
8189,2021-09-07,0500,25,93,0.2
8190,2021-09-07,0600,24.7,95,0.1
8191,2021-09-07,0700,24.6,95,0.1
8192,2021-09-07,0800,24,96,0
8193,2021-09-07,0900,23.8,97,0
8194,2021-09-07,1000,24.6,96,0.1
8195,2021-09-07,1100,27.3,84,0.7
8196,2021-09-07,1200,29.3,75,1.1
8197,2021-09-07,1300,29.8,71,1.5
8198,2021-09-07,1400,30.3,68,1.4
8199,2021-09-07,1500,31,68,1.6
8200,2021-09-07,1600,31.1,64,1.6
8201,2021-09-07,1700,30.6,72,2.7
8202,2021-09-07,1800,27.2,92,0.8
8203,2021-09-07,1900,27.1,89,0.9
8204,2021-09-07,2000,25.9,89,0.6
8205,2021-09-07,2100,26.3,91,0.6
8206,2021-09-07,2200,25.8,88,0.2
8207,2021-09-07,2300,26.1,86,0.2
8208,2021-09-08,0000,25.9,86,0.5
8209,2021-09-08,0100,25.1,91,0.3
8210,2021-09-08,0200,25.2,89,0.2
8211,2021-09-08,0300,24.6,91,0.2
8212,2021-09-08,0400,24.4,93,0.1
8213,2021-09-08,0500,24.4,91,0.1
8214,2021-09-08,0600,24.1,93,0
8215,2021-09-08,0700,23.9,94,0.1
8216,2021-09-08,0800,23.7,95,0
8217,2021-09-08,0900,23.7,96,0
8218,2021-09-08,1000,24.6,94,0.2
8219,2021-09-08,1100,27.7,81,1.2
8220,2021-09-08,1200,29.2,75,2.5
8221,2021-09-08,1300,29.9,70,3
8222,2021-09-08,1400,29.2,72,2.7
8223,2021-09-08,1500,32.2,63,2.2
8224,2021-09-08,1600,32.3,65,2.3
8225,2021-09-08,1700,32.6,63,1.1
8226,2021-09-08,1800,30,73,1.9
8227,2021-09-08,1900,25.6,92,0.8
8228,2021-09-08,2000,27.2,83,1.1
8229,2021-09-08,2100,26.6,84,0.4
8230,2021-09-08,2200,25,88,3
8231,2021-09-08,2300,24.2,93,0
8232,2021-09-09,0000,24.4,94,0
8233,2021-09-09,0100,25.7,87,0.3
8234,2021-09-09,0200,25.5,88,0.3
8235,2021-09-09,0300,25,90,0.4
8236,2021-09-09,0400,24.4,93,0.1
8237,2021-09-09,0500,24.5,92,0.1
8238,2021-09-09,0600,24.1,94,0
8239,2021-09-09,0700,24.1,93,0
8240,2021-09-09,0800,24,94,0.1
8241,2021-09-09,0900,23.7,95,0
8242,2021-09-09,1000,24.1,95,0
8243,2021-09-09,1100,27.7,79,0.2
8244,2021-09-09,1200,29.3,75,2.7
8245,2021-09-09,1300,29.6,73,2.4
8246,2021-09-09,1400,31.4,70,1.4
8247,2021-09-09,1500,32.5,62,1.1
8248,2021-09-09,1600,30.7,66,2.5
8249,2021-09-09,1700,31.9,68,1.4
8250,2021-09-09,1800,28.1,83,1.5
8251,2021-09-09,1900,26.9,65,0.7
8252,2021-09-09,2000,28,72,0.7
8253,2021-09-09,2100,26.1,83,1.6
8254,2021-09-09,2200,24,89,0.1
8255,2021-09-09,2300,23.5,91,0
8256,2021-09-10,0000,23.6,92,0
8257,2021-09-10,0100,24.7,89,0.3
8258,2021-09-10,0200,24.6,91,0.1
8259,2021-09-10,0300,24.7,92,0.2
8260,2021-09-10,0400,24.3,94,0
8261,2021-09-10,0500,23.8,96,0
8262,2021-09-10,0600,23.8,95,0
8263,2021-09-10,0700,23.2,97,0
8264,2021-09-10,0800,23,97,0
8265,2021-09-10,0900,22.9,97,0
8266,2021-09-10,1000,23.5,97,0
8267,2021-09-10,1100,27.7,84,0.7
8268,2021-09-10,1200,29,77,0.7
8269,2021-09-10,1300,30.3,73,0.9
8270,2021-09-10,1400,31,67,1.5
8271,2021-09-10,1500,32.2,67,1.7
8272,2021-09-10,1600,33,61,1.5
8273,2021-09-10,1700,30.3,71,1.1
8274,2021-09-10,1800,31,71,1.6
8275,2021-09-10,1900,31.7,67,1.2
8276,2021-09-10,2000,28,88,1.6
8277,2021-09-10,2100,24.2,95,0.1
8278,2021-09-10,2200,25.2,97,0
8279,2021-09-10,2300,26.2,89,0.9
8280,2021-09-11,0000,26.3,85,0.3
8281,2021-09-11,0100,25.7,88,0.4
8282,2021-09-11,0200,25,90,1.5
8283,2021-09-11,0300,24.7,91,1.4
8284,2021-09-11,0400,24.3,93,0.8
8285,2021-09-11,0500,23.9,94,0.2
8286,2021-09-11,0600,23.6,95,0.2
8287,2021-09-11,0700,23.4,95,0.1
8288,2021-09-11,0800,23.2,95,0.1
8289,2021-09-11,0900,23.1,96,0.1
8290,2021-09-11,1000,23.8,94,0.9
8291,2021-09-11,1100,27.5,81,1.2
8292,2021-09-11,1200,28.9,76,2.4
8293,2021-09-11,1300,29.8,70,2.6
8294,2021-09-11,1400,30.3,68,2.4
8295,2021-09-11,1500,32,63,2.3
8296,2021-09-11,1600,32.7,61,2.4
8297,2021-09-11,1700,31.6,67,2.4
8298,2021-09-11,1800,31,72,1.7
8299,2021-09-11,1900,30.6,69,1.7
8300,2021-09-11,2000,30.5,60,1.4
8301,2021-09-11,2100,29.5,61,1.2
8302,2021-09-11,2200,28.8,64,1.2
8303,2021-09-11,2300,27.7,71,0.7
8304,2021-09-12,0000,26.9,76,0.9
8305,2021-09-12,0100,26.3,80,0.5
8306,2021-09-12,0200,25.8,84,0.3
8307,2021-09-12,0300,25.4,87,0.7
8308,2021-09-12,0400,25,89,0.2
8309,2021-09-12,0500,24.9,90,0
8310,2021-09-12,0600,24.7,91,0
8311,2021-09-12,0700,24.6,93,0
8312,2021-09-12,0800,24.6,93,0.3
8313,2021-09-12,0900,24.4,95,0
8314,2021-09-12,1000,25.1,94,0.1
8315,2021-09-12,1100,28.3,81,0.7
8316,2021-09-12,1200,29.3,76,1.2
8317,2021-09-12,1300,31.5,67,3.2
8318,2021-09-12,1400,31,68,2.1
8319,2021-09-12,1500,32.6,60,1.1
8320,2021-09-12,1600,30.8,65,1.5
8321,2021-09-12,1700,30.7,69,1.4
8322,2021-09-12,1800,26.3,88,0
8323,2021-09-12,1900,26.3,91,0
8324,2021-09-12,2000,26.1,88,0.1
8325,2021-09-12,2100,25.8,89,0.4
8326,2021-09-12,2200,26,90,0
8327,2021-09-12,2300,25.3,93,0
8328,2021-09-13,0000,25.8,88,0.4
8329,2021-09-13,0100,26,86,0.1
8330,2021-09-13,0200,25.8,87,0.5
8331,2021-09-13,0300,25.4,89,0.2
8332,2021-09-13,0400,25,91,0
8333,2021-09-13,0500,24.7,93,0.1
8334,2021-09-13,0600,24.8,92,0.2
8335,2021-09-13,0700,24,96,0
8336,2021-09-13,0800,23.6,97,0
8337,2021-09-13,0900,23.5,98,0
8338,2021-09-13,1000,24.8,96,0.1
8339,2021-09-13,1100,27.6,82,0.9
8340,2021-09-13,1200,28.7,80,1.2
8341,2021-09-13,1300,30.1,71,1.2
8342,2021-09-13,1400,30.2,68,1.6
8343,2021-09-13,1500,31.3,68,1.5
8344,2021-09-13,1600,32.5,63,1.1
8345,2021-09-13,1700,32.3,60,1.2
8346,2021-09-13,1800,31,66,2.3
8347,2021-09-13,1900,25,93,0.8
8348,2021-09-13,2000,29.1,78,0.6
8349,2021-09-13,2100,27.8,81,0.9
8350,2021-09-13,2200,27,83,1
8351,2021-09-13,2300,26.6,83,0.5
8352,2021-09-14,0000,26.3,83,1
8353,2021-09-14,0100,26,83,0.7
8354,2021-09-14,0200,25.6,86,0.1
8355,2021-09-14,0300,25.2,87,0.1
8356,2021-09-14,0400,24.7,90,0.2
8357,2021-09-14,0500,24.6,91,0.5
8358,2021-09-14,0600,24.6,91,0.5
8359,2021-09-14,0700,24.5,91,0.1
8360,2021-09-14,0800,24.4,91,0
8361,2021-09-14,0900,23.9,95,0
8362,2021-09-14,1000,24.7,94,0
8363,2021-09-14,1100,27.8,82,0.7
8364,2021-09-14,1200,28.5,77,1
8365,2021-09-14,1300,30.1,71,1.4
8366,2021-09-14,1400,30.3,70,1.6
8367,2021-09-14,1500,29.8,71,2.4
8368,2021-09-14,1600,32.2,68,0.9
8369,2021-09-14,1700,31.3,71,1.3
8370,2021-09-14,1800,28.5,78,2
8371,2021-09-14,1900,26,88,1.2
8372,2021-09-14,2000,27.1,86,1.5
8373,2021-09-14,2100,27.3,87,0.8
8374,2021-09-14,2200,27,87,0.8
8375,2021-09-14,2300,21.2,96,1.8
8376,2021-09-15,0000,22.2,97,0
8377,2021-09-15,0100,22.5,98,0
8378,2021-09-15,0200,22.6,97,0
8379,2021-09-15,0300,22.7,98,0
8380,2021-09-15,0400,22.5,98,0
8381,2021-09-15,0500,22.5,98,0
8382,2021-09-15,0600,22.4,98,0
8383,2021-09-15,0700,22.3,98,0
8384,2021-09-15,0800,22.4,98,0
8385,2021-09-15,0900,22.5,98,0
8386,2021-09-15,1000,23.4,98,0
8387,2021-09-15,1100,25.9,89,0.3
8388,2021-09-15,1200,28.8,80,0.8
8389,2021-09-15,1300,31.3,68,0.5
8390,2021-09-15,1400,32.1,66,1.8
8391,2021-09-15,1500,31.8,67,2
8392,2021-09-15,1600,31.8,66,2.1
8393,2021-09-15,1700,32.5,60,1.4
8394,2021-09-15,1800,32.2,67,1
8395,2021-09-15,1900,30.7,70,2
8396,2021-09-15,2000,22.8,93,0
8397,2021-09-15,2100,23.3,95,0
8398,2021-09-15,2200,24.2,92,0.7
8399,2021-09-15,2300,24.5,93,0.1
8400,2021-09-16,0000,24.9,93,0.4
8401,2021-09-16,0100,24.9,92,0
8402,2021-09-16,0200,25,90,0.2
8403,2021-09-16,0300,24.8,91,0
8404,2021-09-16,0400,24.1,95,0
8405,2021-09-16,0500,23.7,97,0
8406,2021-09-16,0600,23.5,98,0
8407,2021-09-16,0700,23.4,98,0
8408,2021-09-16,0800,23.3,98,0
8409,2021-09-16,0900,23.2,98,0
8410,2021-09-16,1000,24.1,98,0.3
8411,2021-09-16,1100,28,83,0.8
8412,2021-09-16,1200,30.1,79,0.8
8413,2021-09-16,1300,31.7,70,0.8
8414,2021-09-16,1400,31,69,2
8415,2021-09-16,1500,32.2,67,1.9
8416,2021-09-16,1600,32.8,64,1.7
8417,2021-09-16,1700,33,62,1.9
8418,2021-09-16,1800,29.6,75,1.7
8419,2021-09-16,1900,25.5,83,2.4
8420,2021-09-16,2000,25.5,90,0
8421,2021-09-16,2100,25.6,88,0.5
8422,2021-09-16,2200,25.3,84,0.1
8423,2021-09-16,2300,25.4,84,0.1
8424,2021-09-17,0000,25.7,85,0.1
8425,2021-09-17,0100,26.1,87,0.3
8426,2021-09-17,0200,25.7,89,0.2
8427,2021-09-17,0300,25.4,91,0.1
8428,2021-09-17,0400,25.2,92,0.2
8429,2021-09-17,0500,24.8,93,0
8430,2021-09-17,0600,24.2,97,0
8431,2021-09-17,0700,24.6,94,0
8432,2021-09-17,0800,24.5,94,0.1
8433,2021-09-17,0900,24.2,95,0.4
8434,2021-09-17,1000,25,93,0.8
8435,2021-09-17,1100,28.3,81,1.4
8436,2021-09-17,1200,29.5,76,2.6
8437,2021-09-17,1300,30.3,72,1.7
8438,2021-09-17,1400,30.5,68,2.4
8439,2021-09-17,1500,31.9,65,1.6
8440,2021-09-17,1600,33,60,2.7
8441,2021-09-17,1700,33.6,57,1.6
8442,2021-09-17,1800,31.8,64,1.1
8443,2021-09-17,1900,30.7,74,1
8444,2021-09-17,2000,24.9,91,2.3
8445,2021-09-17,2100,25.2,95,0
8446,2021-09-17,2200,25.6,93,0.1
8447,2021-09-17,2300,26.7,86,0.4
8448,2021-09-18,0000,26.5,87,0.3
8449,2021-09-18,0100,26.1,87,0.3
8450,2021-09-18,0200,25.5,89,0.4
8451,2021-09-18,0300,25.3,89,0.3
8452,2021-09-18,0400,24.9,91,0
8453,2021-09-18,0500,24.5,93,0
8454,2021-09-18,0600,24.5,92,0
8455,2021-09-18,0700,24.3,93,0
8456,2021-09-18,0800,24.3,93,0
8457,2021-09-18,0900,24.3,93,0.1
8458,2021-09-18,1000,25.1,93,0.1
8459,2021-09-18,1100,28.4,79,0.4
8460,2021-09-18,1200,29.3,76,1.2
8461,2021-09-18,1300,30.2,69,2.5
8462,2021-09-18,1400,31.5,66,1.4
8463,2021-09-18,1500,32,64,1.4
8464,2021-09-18,1600,32.3,68,1.2
8465,2021-09-18,1700,32.7,63,1.2
8466,2021-09-18,1800,30.8,70,1.3
8467,2021-09-18,1900,30.6,74,1.4
8468,2021-09-18,2000,28,77,0.4
8469,2021-09-18,2100,26.5,87,2
8470,2021-09-18,2200,25.3,94,0.1
8471,2021-09-18,2300,24.8,93,0.4
8472,2021-09-19,0000,24.8,96,0
8473,2021-09-19,0100,24.8,95,0
8474,2021-09-19,0200,24.9,94,0
8475,2021-09-19,0300,25.2,92,0
8476,2021-09-19,0400,25.1,92,0.1
8477,2021-09-19,0500,25,91,0.2
8478,2021-09-19,0600,24.6,93,0
8479,2021-09-19,0700,24.3,94,0
8480,2021-09-19,0800,23.9,96,0
8481,2021-09-19,0900,23.4,97,0
8482,2021-09-19,1000,24.4,95,0.4
8483,2021-09-19,1100,27.5,83,1
8484,2021-09-19,1200,29.8,75,1.8
8485,2021-09-19,1300,30.8,68,3
8486,2021-09-19,1400,31.6,65,1.9
8487,2021-09-19,1500,31.4,65,2
8488,2021-09-19,1600,32.3,60,1.1
8489,2021-09-19,1700,31.5,66,1.5
8490,2021-09-19,1800,28.2,82,0.5
8491,2021-09-19,1900,26.2,86,1.4
8492,2021-09-19,2000,25.3,88,0
8493,2021-09-19,2100,25.1,92,0.7
8494,2021-09-19,2200,25.1,95,0
8495,2021-09-19,2300,24.8,96,0
8496,2021-09-20,0000,25.3,91,0.2
8497,2021-09-20,0100,25.2,88,0.1
8498,2021-09-20,0200,24.7,91,0.5
8499,2021-09-20,0300,24.4,93,0.2
8500,2021-09-20,0400,24.1,94,0.4
8501,2021-09-20,0500,23.7,95,0.1
8502,2021-09-20,0600,23.5,96,0
8503,2021-09-20,0700,23.1,97,0
8504,2021-09-20,0800,23.4,97,0
8505,2021-09-20,0900,23.3,97,0
8506,2021-09-20,1000,24.3,95,0.1
8507,2021-09-20,1100,27.2,83,0.6
8508,2021-09-20,1200,29.1,77,0.9
8509,2021-09-20,1300,30.8,70,2.4
8510,2021-09-20,1400,31.8,67,1.4
8511,2021-09-20,1500,33.2,61,1
8512,2021-09-20,1600,32.8,64,1
8513,2021-09-20,1700,31.3,70,0.8
8514,2021-09-20,1800,28.8,83,1.7
8515,2021-09-20,1900,25.9,92,1.7
8516,2021-09-20,2000,25,91,0.8
8517,2021-09-20,2100,24.9,96,0
8518,2021-09-20,2200,23,98,0.5
8519,2021-09-20,2300,23.5,98,0
8520,2021-09-21,0000,23.9,98,0
8521,2021-09-21,0100,24.1,98,0
8522,2021-09-21,0200,24.3,97,0.1
8523,2021-09-21,0300,24.5,96,0.4
8524,2021-09-21,0400,24.2,97,0
8525,2021-09-21,0500,24.2,97,0
8526,2021-09-21,0600,24.2,96,0.1
8527,2021-09-21,0700,23.7,97,0
8528,2021-09-21,0800,23.5,98,0
8529,2021-09-21,0900,23.1,98,0
8530,2021-09-21,1000,23.9,98,0
8531,2021-09-21,1100,27.1,84,1.1
8532,2021-09-21,1200,29.2,77,1.8
8533,2021-09-21,1300,30.5,72,2.7
8534,2021-09-21,1400,31.8,69,2.1
8535,2021-09-21,1500,32.5,68,1.4
8536,2021-09-21,1600,31.2,67,2.2
8537,2021-09-21,1700,32.3,62,1.4
8538,2021-09-21,1800,31.7,67,0.8
8539,2021-09-21,1900,31.2,68,1.2
8540,2021-09-21,2000,31,70,0.7
8541,2021-09-21,2100,28.7,75,0.2
8542,2021-09-21,2200,27.4,80,0
8543,2021-09-21,2300,26.7,87,0
8544,2021-09-22,0000,27.3,84,0.7
8545,2021-09-22,0100,26.4,87,1.1
8546,2021-09-22,0200,26,87,0.7
8547,2021-09-22,0300,25.5,89,0.8
8548,2021-09-22,0400,25.2,91,0.7
8549,2021-09-22,0500,24.9,92,0.7
8550,2021-09-22,0600,24.6,94,0.3
8551,2021-09-22,0700,24.5,93,0.1
8552,2021-09-22,0800,24.5,93,0
8553,2021-09-22,0900,24.2,94,0.3
8554,2021-09-22,1000,25,92,0.8
8555,2021-09-22,1100,28.2,80,0.6
8556,2021-09-22,1200,29.9,73,1.2
8557,2021-09-22,1300,31.7,69,2.3
8558,2021-09-22,1400,31.6,68,1.9
8559,2021-09-22,1500,32,66,1.4
8560,2021-09-22,1600,32.1,60,1.7
8561,2021-09-22,1700,33,63,0.8
8562,2021-09-22,1800,31.4,69,1.8
8563,2021-09-22,1900,28.2,88,1.7
8564,2021-09-22,2000,27.4,94,0.2
8565,2021-09-22,2100,26.5,95,0.2
8566,2021-09-22,2200,27.7,84,0.8
8567,2021-09-22,2300,27.4,80,1.3
8568,2021-09-23,0000,26.8,82,0.8
8569,2021-09-23,0100,26.2,85,0.5
8570,2021-09-23,0200,25.8,87,0.3
8571,2021-09-23,0300,25.4,89,0.2
8572,2021-09-23,0400,25.1,90,0.2
8573,2021-09-23,0500,25.1,90,0.2
8574,2021-09-23,0600,24.6,93,0.2
8575,2021-09-23,0700,24.5,93,0
8576,2021-09-23,0800,24,95,0.1
8577,2021-09-23,0900,23.6,97,0
8578,2021-09-23,1000,24.5,94,0.3
8579,2021-09-23,1100,28.4,78,1.2
8580,2021-09-23,1200,29.4,76,0.8
8581,2021-09-23,1300,31.5,66,2.1
8582,2021-09-23,1400,31.1,64,1
8583,2021-09-23,1500,32.7,59,2
8584,2021-09-23,1600,31.8,58,0.8
8585,2021-09-23,1700,32.7,63,2.3
8586,2021-09-23,1800,31.9,66,0.3
8587,2021-09-23,1900,30.8,68,1.4
8588,2021-09-23,2000,29.1,78,2.2
8589,2021-09-23,2100,29.1,76,0.7
8590,2021-09-23,2200,28.6,74,1.3
8591,2021-09-23,2300,28,71,0.9
8592,2021-09-24,0000,26.9,78,0.4
8593,2021-09-24,0100,26.2,83,0.5
8594,2021-09-24,0200,25.8,86,0.3
8595,2021-09-24,0300,25.5,87,0.4
8596,2021-09-24,0400,25,90,0.2
8597,2021-09-24,0500,25,90,0.4
8598,2021-09-24,0600,24.8,91,0.4
8599,2021-09-24,0700,24.2,94,0
8600,2021-09-24,0800,23.7,97,0
8601,2021-09-24,0900,23.5,97,0
8602,2021-09-24,1000,24.7,94,0.4
8603,2021-09-24,1100,28.2,81,0.8
8604,2021-09-24,1200,30.2,74,1.4
8605,2021-09-24,1300,30.1,69,0.8
8606,2021-09-24,1400,30.7,66,1.9
8607,2021-09-24,1500,33,61,2.5
8608,2021-09-24,1600,32.4,57,1.7
8609,2021-09-24,1700,25.4,88,3.6
8610,2021-09-24,1800,25.6,96,1
8611,2021-09-24,1900,27.8,88,0.4
8612,2021-09-24,2000,27.5,87,0.5
8613,2021-09-24,2100,27.3,87,0.6
8614,2021-09-24,2200,26.5,91,0.3
8615,2021-09-24,2300,26.7,87,0.4
8616,2021-09-25,0000,26.4,86,0.5
8617,2021-09-25,0100,25.5,91,0.8
8618,2021-09-25,0200,25.2,91,0.6
8619,2021-09-25,0300,24.7,92,0.2
8620,2021-09-25,0400,24.4,94,0
8621,2021-09-25,0500,24,95,0
8622,2021-09-25,0600,23.7,97,0
8623,2021-09-25,0700,23.3,98,0
8624,2021-09-25,0800,23.2,98,0
8625,2021-09-25,0900,22.9,98,0
8626,2021-09-25,1000,24.1,98,0
8627,2021-09-25,1100,27.7,81,0.2
8628,2021-09-25,1200,28.5,81,2
8629,2021-09-25,1300,29.8,73,1.2
8630,2021-09-25,1400,30.8,68,3
8631,2021-09-25,1500,31.2,66,2.6
8632,2021-09-25,1600,31,63,2.2
8633,2021-09-25,1700,33,59,2.1
8634,2021-09-25,1800,30.9,70,1.6
8635,2021-09-25,1900,31.2,71,1.9
8636,2021-09-25,2000,30.1,68,1.5
8637,2021-09-25,2100,24.7,94,3.4
8638,2021-09-25,2200,24.6,97,0
8639,2021-09-25,2300,24.5,96,0.1
8640,2021-09-26,0000,24.5,96,0
8641,2021-09-26,0100,24.5,96,0
8642,2021-09-26,0200,24.3,96,0
8643,2021-09-26,0300,24.1,96,0
8644,2021-09-26,0400,24.3,93,0.1
8645,2021-09-26,0500,24,94,0
8646,2021-09-26,0600,23.6,96,0
8647,2021-09-26,0700,23.5,98,0
8648,2021-09-26,0800,23.3,97,0
8649,2021-09-26,0900,23.2,97,0.3
8650,2021-09-26,1000,24.2,97,0
8651,2021-09-26,1100,27.5,84,0.7
8652,2021-09-26,1200,29.4,76,2.2
8653,2021-09-26,1300,29.5,74,2.9
8654,2021-09-26,1400,31.1,65,1.5
8655,2021-09-26,1500,31.9,64,2.3
8656,2021-09-26,1600,31.8,61,1.9
8657,2021-09-26,1700,29.2,75,1.5
8658,2021-09-26,1800,23.9,96,0.3
8659,2021-09-26,1900,25,94,0.1
8660,2021-09-26,2000,25.7,94,0.4
8661,2021-09-26,2100,25.7,93,0
8662,2021-09-26,2200,25.2,95,0
8663,2021-09-26,2300,25.8,86,0.4
8664,2021-09-27,0000,25.5,85,0.5
8665,2021-09-27,0100,25,88,1
8666,2021-09-27,0200,24.1,92,0
8667,2021-09-27,0300,23.6,95,0
8668,2021-09-27,0400,23.3,97,0
8669,2021-09-27,0500,23,98,0
8670,2021-09-27,0600,23.1,96,0
8671,2021-09-27,0700,22.9,97,0
8672,2021-09-27,0800,23,96,0
8673,2021-09-27,0900,22.7,97,0
8674,2021-09-27,1000,23.7,97,0
8675,2021-09-27,1100,27.1,84,1.4
8676,2021-09-27,1200,29.4,76,2.2
8677,2021-09-27,1300,31.3,66,1.1
8678,2021-09-27,1400,32.4,57,2.3
8679,2021-09-27,1500,31.7,56,2.6
8680,2021-09-27,1600,32.8,59,2.2
8681,2021-09-27,1700,33.5,59,0.8
8682,2021-09-27,1800,31.8,62,2.5
8683,2021-09-27,1900,31,69,2.4
8684,2021-09-27,2000,30.4,66,1.1
8685,2021-09-27,2100,29.4,72,1
8686,2021-09-27,2200,24.9,95,1.1
8687,2021-09-27,2300,24.2,96,1.5
8688,2021-09-28,0000,24,97,0
8689,2021-09-28,0100,23.7,97,0
8690,2021-09-28,0200,23.8,98,0
8691,2021-09-28,0300,23.5,98,0
8692,2021-09-28,0400,23.4,98,0
8693,2021-09-28,0500,23.3,98,0
8694,2021-09-28,0600,23.3,98,0
8695,2021-09-28,0700,23,98,0
8696,2021-09-28,0800,,,
8697,2021-09-28,0900,,,
8698,2021-09-28,1000,,,
8699,2021-09-28,1100,,,
8700,2021-09-28,1200,,,
8701,2021-09-28,1300,,,
8702,2021-09-28,1400,,,
8703,2021-09-28,1500,,,
8704,2021-09-28,1600,,,
8705,2021-09-28,1700,,,
8706,2021-09-28,1800,,,
8707,2021-09-28,1900,,,
8708,2021-09-28,2000,,,
8709,2021-09-28,2100,,,
8710,2021-09-28,2200,,,
8711,2021-09-28,2300,,,
8712,2021-09-29,0000,,,
8713,2021-09-29,0100,,,
8714,2021-09-29,0200,,,
8715,2021-09-29,0300,,,
8716,2021-09-29,0400,,,
8717,2021-09-29,0500,,,
8718,2021-09-29,0600,,,
8719,2021-09-29,0700,,,
8720,2021-09-29,0800,,,
8721,2021-09-29,0900,,,
8722,2021-09-29,1000,,,
8723,2021-09-29,1100,,,
8724,2021-09-29,1200,,,
8725,2021-09-29,1300,,,
8726,2021-09-29,1400,,,
8727,2021-09-29,1500,,,
8728,2021-09-29,1600,,,
8729,2021-09-29,1700,,,
8730,2021-09-29,1800,,,
8731,2021-09-29,1900,,,
8732,2021-09-29,2000,,,
8733,2021-09-29,2100,,,
8734,2021-09-29,2200,,,
8735,2021-09-29,2300,,,
8736,2021-09-30,0000,,,
8737,2021-09-30,0100,,,
8738,2021-09-30,0200,,,
8739,2021-09-30,0300,,,
8740,2021-09-30,0400,,,
8741,2021-09-30,0500,,,
8742,2021-09-30,0600,,,
8743,2021-09-30,0700,,,
8744,2021-09-30,0800,,,
8745,2021-09-30,0900,,,
8746,2021-09-30,1000,,,
8747,2021-09-30,1100,,,
8748,2021-09-30,1200,,,
8749,2021-09-30,1300,,,
8750,2021-09-30,1400,,,
8751,2021-09-30,1500,30.8,62,0.8
8752,2021-09-30,1600,30.4,69,1.1
8753,2021-09-30,1700,27.4,89,1.5
8754,2021-09-30,1800,30.3,86,0.6
8755,2021-09-30,1900,30.9,68,0.7
8756,2021-09-30,2000,30.5,72,1.9
8757,2021-09-30,2100,27.4,85,1.8
8758,2021-09-30,2200,27.2,82,0.1
8759,2021-09-30,2300,27,83,0.7
